1
0
0.000000 0.000000 0.000000
100.000000 100.000000 100.000000
100
1
0
1
3.000000
1
10.000000
0
100.000000
0
1
4 4
0
1
0.549857
1
../data/Texture/lighting.DDS
../data/Shader/EffectShader.hlsl
53.228966 53.777199 50.000000
1.000000 1.000000 1.000000 1.000000
0.000000 1.000000 0.000000
1.000000 1.000000 1.000000
2.886410 2.165502 1.209113
3.262978
52.178955 51.535679 50.000000
1.000000 1.000000 1.000000 1.000000
0.000000 1.000000 0.000000
1.000000 1.000000 1.000000
1.322214 1.279916 1.631733
3.283578
55.805050 53.888336 50.000000
1.000000 1.000000 1.000000 1.000000
0.000000 1.000000 0.000000
1.000000 1.000000 1.000000
2.971557 1.419874 2.576098
5.882473
53.813438 52.026966 50.000000
1.000000 1.000000 1.000000 1.000000
0.000000 1.000000 0.000000
1.000000 1.000000 1.000000
1.449049 1.193121 1.346446
5.343028
57.711502 57.225670 50.000000
1.000000 1.000000 1.000000 1.000000
0.000000 1.000000 0.000000
1.000000 1.000000 1.000000
1.619159 2.483932 1.368541
9.945890
55.492439 55.434399 50.000000
1.000000 1.000000 1.000000 1.000000
0.000000 1.000000 0.000000
1.000000 1.000000 1.000000
2.870358 2.110874 2.720023
5.548753
54.761314 52.293545 50.000000
1.000000 1.000000 1.000000 1.000000
0.000000 1.000000 0.000000
1.000000 1.000000 1.000000
1.362499 1.161565 2.102390
7.003113
53.540718 53.278885 50.000000
1.000000 1.000000 1.000000 1.000000
0.000000 1.000000 0.000000
1.000000 1.000000 1.000000
1.059755 2.065218 1.567034
6.440596
59.532600 59.238873 50.000000
1.000000 1.000000 1.000000 1.000000
0.000000 1.000000 0.000000
1.000000 1.000000 1.000000
2.360149 2.465316 2.307352
9.959075
57.108871 55.591660 50.000000
1.000000 1.000000 1.000000 1.000000
0.000000 1.000000 0.000000
1.000000 1.000000 1.000000
2.136082 1.956755 2.829707
7.742241
55.444103 56.281334 50.000000
1.000000 1.000000 1.000000 1.000000
0.000000 1.000000 0.000000
1.000000 1.000000 1.000000
1.997284 2.748222 1.816126
6.138737
52.689972 53.440174 50.000000
1.000000 1.000000 1.000000 1.000000
0.000000 1.000000 0.000000
1.000000 1.000000 1.000000
2.589038 2.312357 2.991089
2.740288
55.913723 52.904770 50.000000
1.000000 1.000000 1.000000 1.000000
0.000000 1.000000 0.000000
1.000000 1.000000 1.000000
2.737663 1.087649 2.303629
5.979430
54.638077 52.491024 50.000000
1.000000 1.000000 1.000000 1.000000
0.000000 1.000000 0.000000
1.000000 1.000000 1.000000
1.256478 1.292856 2.739799
7.289041
56.871281 55.385006 50.000000
1.000000 1.000000 1.000000 1.000000
0.000000 1.000000 0.000000
1.000000 1.000000 1.000000
2.224708 1.917508 1.075564
7.346171
53.334320 53.050133 50.000000
1.000000 1.000000 1.000000 1.000000
0.000000 1.000000 0.000000
1.000000 1.000000 1.000000
1.550737 1.950896 1.883877
4.437727
51.150444 52.626781 50.000000
1.000000 1.000000 1.000000 1.000000
0.000000 1.000000 0.000000
1.000000 1.000000 1.000000
1.633686 2.911252 1.108097
1.474349
52.340046 53.533932 50.000000
1.000000 1.000000 1.000000 1.000000
0.000000 1.000000 0.000000
1.000000 1.000000 1.000000
1.935026 2.738822 2.514695
2.686453
52.392387 52.837048 50.000000
1.000000 1.000000 1.000000 1.000000
0.000000 1.000000 0.000000
1.000000 1.000000 1.000000
2.272683 2.114475 1.336497
2.535111
59.720787 55.037121 50.000000
1.000000 1.000000 1.000000 1.000000
0.000000 1.000000 0.000000
1.000000 1.000000 1.000000
2.650319 1.266366 2.421125
9.863766
51.766735 52.676411 50.000000
1.000000 1.000000 1.000000 1.000000
0.000000 1.000000 0.000000
1.000000 1.000000 1.000000
2.434431 2.328104 1.194342
1.827296
53.584103 52.386829 50.000000
1.000000 1.000000 1.000000 1.000000
0.000000 1.000000 0.000000
1.000000 1.000000 1.000000
2.691580 1.308786 2.753777
3.629658
58.369083 59.377548 50.000000
1.000000 1.000000 1.000000 1.000000
0.000000 1.000000 0.000000
1.000000 1.000000 1.000000
2.497910 2.740898 1.402539
8.594256
53.555706 51.692680 50.000000
1.000000 1.000000 1.000000 1.000000
0.000000 1.000000 0.000000
1.000000 1.000000 1.000000
1.034486 1.064211 1.938566
6.607593
56.107071 54.664082 50.000000
1.000000 1.000000 1.000000 1.000000
0.000000 1.000000 0.000000
1.000000 1.000000 1.000000
2.279763 1.812403 1.008423
6.463393
54.689301 55.502346 50.000000
1.000000 1.000000 1.000000 1.000000
0.000000 1.000000 0.000000
1.000000 1.000000 1.000000
2.112216 2.661672 1.841517
5.135105
55.430901 53.457924 50.000000
1.000000 1.000000 1.000000 1.000000
0.000000 1.000000 0.000000
1.000000 1.000000 1.000000
2.636036 1.405774 2.674917
5.515244
56.466888 57.338726 50.000000
1.000000 1.000000 1.000000 1.000000
0.000000 1.000000 0.000000
1.000000 1.000000 1.000000
1.541520 2.919065 2.182165
8.645069
56.582584 55.452480 50.000000
1.000000 1.000000 1.000000 1.000000
0.000000 1.000000 0.000000
1.000000 1.000000 1.000000
1.313547 2.170446 2.219153
9.972808
56.070541 53.391434 50.000000
1.000000 1.000000 1.000000 1.000000
0.000000 1.000000 0.000000
1.000000 1.000000 1.000000
2.099765 1.350658 1.197821
6.667195
55.197487 54.507973 50.000000
1.000000 1.000000 1.000000 1.000000
0.000000 1.000000 0.000000
1.000000 1.000000 1.000000
1.051637 2.175085 2.402265
9.518785
53.028175 52.151825 50.000000
1.000000 1.000000 1.000000 1.000000
0.000000 1.000000 0.000000
1.000000 1.000000 1.000000
1.951018 1.425184 2.557909
3.459914
52.818321 54.022419 50.000000
1.000000 1.000000 1.000000 1.000000
0.000000 1.000000 0.000000
1.000000 1.000000 1.000000
1.933622 2.790460 2.967834
3.236885
52.465172 51.369003 50.000000
1.000000 1.000000 1.000000 1.000000
0.000000 1.000000 0.000000
1.000000 1.000000 1.000000
1.123173 1.073550 2.527574
4.261940
51.927231 52.119976 50.000000
1.000000 1.000000 1.000000 1.000000
0.000000 1.000000 0.000000
1.000000 1.000000 1.000000
1.988250 1.821863 2.931272
2.178594
56.720345 56.756664 50.000000
1.000000 1.000000 1.000000 1.000000
0.000000 1.000000 0.000000
1.000000 1.000000 1.000000
2.233985 2.446577 1.382031
7.172033
51.394360 51.886730 50.000000
1.000000 1.000000 1.000000 1.000000
0.000000 1.000000 0.000000
1.000000 1.000000 1.000000
2.041536 1.892605 1.118595
1.553728
56.958893 57.745304 50.000000
1.000000 1.000000 1.000000 1.000000
0.000000 1.000000 0.000000
1.000000 1.000000 1.000000
1.467910 2.922788 1.070620
9.653371
53.512634 53.800354 50.000000
1.000000 1.000000 1.000000 1.000000
0.000000 1.000000 0.000000
1.000000 1.000000 1.000000
2.818232 2.076205 2.955992
3.547533
52.219193 51.696487 50.000000
1.000000 1.000000 1.000000 1.000000
0.000000 1.000000 0.000000
1.000000 1.000000 1.000000
1.802759 1.366405 1.130924
2.660634
59.245052 60.059418 50.000000
1.000000 1.000000 1.000000 1.000000
0.000000 1.000000 0.000000
1.000000 1.000000 1.000000
2.293008 2.779412 1.508194
9.762138
56.221542 54.382351 50.000000
1.000000 1.000000 1.000000 1.000000
0.000000 1.000000 0.000000
1.000000 1.000000 1.000000
2.486007 1.635090 2.852473
6.396924
50.834881 51.496925 50.000000
1.000000 1.000000 1.000000 1.000000
0.000000 1.000000 0.000000
1.000000 1.000000 1.000000
1.292673 1.875027 2.768242
1.281533
53.651291 52.495415 50.000000
1.000000 1.000000 1.000000 1.000000
0.000000 1.000000 0.000000
1.000000 1.000000 1.000000
2.761284 1.337657 1.691122
3.689810
53.615849 53.399632 50.000000
1.000000 1.000000 1.000000 1.000000
0.000000 1.000000 0.000000
1.000000 1.000000 1.000000
1.347423 2.084994 1.195929
5.366100
54.229607 53.452732 50.000000
1.000000 1.000000 1.000000 1.000000
0.000000 1.000000 0.000000
1.000000 1.000000 1.000000
1.845485 1.842006 1.933256
4.996399
55.707870 54.224133 50.000000
1.000000 1.000000 1.000000 1.000000
0.000000 1.000000 0.000000
1.000000 1.000000 1.000000
2.792108 1.612568 1.507523
5.765465
51.204197 51.387028 50.000000
1.000000 1.000000 1.000000 1.000000
0.000000 1.000000 0.000000
1.000000 1.000000 1.000000
1.154668 1.532792 1.609394
2.032746
51.533615 52.027782 50.000000
1.000000 1.000000 1.000000 1.000000
0.000000 1.000000 0.000000
1.000000 1.000000 1.000000
1.118168 2.025788 2.714042
2.661733
57.945854 57.943043 50.000000
1.000000 1.000000 1.000000 1.000000
0.000000 1.000000 0.000000
1.000000 1.000000 1.000000
2.781182 2.319437 1.658589
8.027070
54.740513 52.771641 50.000000
1.000000 1.000000 1.000000 1.000000
0.000000 1.000000 0.000000
1.000000 1.000000 1.000000
1.575274 1.389904 2.410932
6.236793
54.296871 52.733227 50.000000
1.000000 1.000000 1.000000 1.000000
0.000000 1.000000 0.000000
1.000000 1.000000 1.000000
2.219642 1.393689 1.342418
4.598407
57.912781 58.164814 50.000000
1.000000 1.000000 1.000000 1.000000
0.000000 1.000000 0.000000
1.000000 1.000000 1.000000
2.022614 2.650319 1.316965
8.861233
51.520878 52.247425 50.000000
1.000000 1.000000 1.000000 1.000000
0.000000 1.000000 0.000000
1.000000 1.000000 1.000000
1.344127 2.237831 1.909146
2.261544
57.080387 53.563709 50.000000
1.000000 1.000000 1.000000 1.000000
0.000000 1.000000 0.000000
1.000000 1.000000 1.000000
2.030488 1.265206 2.063265
7.912534
55.896313 56.790634 50.000000
1.000000 1.000000 1.000000 1.000000
0.000000 1.000000 0.000000
1.000000 1.000000 1.000000
1.634175 2.881954 2.507370
7.554918
56.759090 55.793983 50.000000
1.000000 1.000000 1.000000 1.000000
0.000000 1.000000 0.000000
1.000000 1.000000 1.000000
2.231910 2.088840 2.232276
7.216254
53.770832 52.410740 50.000000
1.000000 1.000000 1.000000 1.000000
0.000000 1.000000 0.000000
1.000000 1.000000 1.000000
1.651814 1.412183 2.350688
4.795068
55.307156 53.348743 50.000000
1.000000 1.000000 1.000000 1.000000
0.000000 1.000000 0.000000
1.000000 1.000000 1.000000
1.924406 1.503677 1.646992
6.112369
56.388508 57.789318 50.000000
1.000000 1.000000 1.000000 1.000000
0.000000 1.000000 0.000000
1.000000 1.000000 1.000000
2.767815 2.728446 1.131291
6.455153
53.110516 54.792728 50.000000
1.000000 1.000000 1.000000 1.000000
0.000000 1.000000 0.000000
1.000000 1.000000 1.000000
2.921201 2.803888 1.909879
3.145970
50.684250 51.917610 50.000000
1.000000 1.000000 1.000000 1.000000
0.000000 1.000000 0.000000
1.000000 1.000000 1.000000
1.138188 2.552110 1.684286
1.169469
54.237137 55.231895 50.000000
1.000000 1.000000 1.000000 1.000000
0.000000 1.000000 0.000000
1.000000 1.000000 1.000000
1.652974 2.827570 2.192114
5.385327
55.535397 56.174412 50.000000
1.000000 1.000000 1.000000 1.000000
0.000000 1.000000 0.000000
1.000000 1.000000 1.000000
1.931242 2.683828 2.901608
6.362041
55.447060 54.049953 50.000000
1.000000 1.000000 1.000000 1.000000
0.000000 1.000000 0.000000
1.000000 1.000000 1.000000
1.519425 1.839991 1.272469
7.360729
57.925873 54.565544 50.000000
1.000000 1.000000 1.000000 1.000000
0.000000 1.000000 0.000000
1.000000 1.000000 1.000000
1.803552 1.511490 2.896115
9.499832
51.920799 53.014507 50.000000
1.000000 1.000000 1.000000 1.000000
0.000000 1.000000 0.000000
1.000000 1.000000 1.000000
1.490860 2.666128 1.826441
2.633168
53.868683 53.066303 50.000000
1.000000 1.000000 1.000000 1.000000
0.000000 1.000000 0.000000
1.000000 1.000000 1.000000
1.626850 1.768090 2.415693
4.972777
59.859467 54.570351 50.000000
1.000000 1.000000 1.000000 1.000000
0.000000 1.000000 0.000000
1.000000 1.000000 1.000000
2.959655 1.073611 2.965392
9.985717
56.906513 54.053406 50.000000
1.000000 1.000000 1.000000 1.000000
0.000000 1.000000 0.000000
1.000000 1.000000 1.000000
1.464553 1.539140 2.507370
9.597613
56.175472 53.953094 50.000000
1.000000 1.000000 1.000000 1.000000
0.000000 1.000000 0.000000
1.000000 1.000000 1.000000
2.841792 1.405591 1.025330
6.237068
52.286121 53.181717 50.000000
1.000000 1.000000 1.000000 1.000000
0.000000 1.000000 0.000000
1.000000 1.000000 1.000000
1.798303 2.520981 2.431196
2.745232
58.587463 55.496742 50.000000
1.000000 1.000000 1.000000 1.000000
0.000000 1.000000 0.000000
1.000000 1.000000 1.000000
2.928587 1.463393 2.606555
8.687368
53.719627 52.500961 50.000000
1.000000 1.000000 1.000000 1.000000
0.000000 1.000000 0.000000
1.000000 1.000000 1.000000
1.004334 1.528092 1.824549
7.096774
50.860130 52.137573 50.000000
1.000000 1.000000 1.000000 1.000000
0.000000 1.000000 0.000000
1.000000 1.000000 1.000000
1.488113 2.639393 1.861965
1.180731
52.248707 51.514004 50.000000
1.000000 1.000000 1.000000 1.000000
0.000000 1.000000 0.000000
1.000000 1.000000 1.000000
1.080569 1.251472 1.115909
4.021058
55.640499 52.871078 50.000000
1.000000 1.000000 1.000000 1.000000
0.000000 1.000000 0.000000
1.000000 1.000000 1.000000
1.116886 1.299814 2.036653
9.799219
55.885090 55.326874 50.000000
1.000000 1.000000 1.000000 1.000000
0.000000 1.000000 0.000000
1.000000 1.000000 1.000000
1.622517 2.265969 2.189306
7.579089
54.135818 52.927612 50.000000
1.000000 1.000000 1.000000 1.000000
0.000000 1.000000 0.000000
1.000000 1.000000 1.000000
2.841426 1.417737 1.256844
4.177068
58.232021 57.304695 50.000000
1.000000 1.000000 1.000000 1.000000
0.000000 1.000000 0.000000
1.000000 1.000000 1.000000
2.050264 2.288369 1.297800
9.152379
52.373180 53.340202 50.000000
1.000000 1.000000 1.000000 1.000000
0.000000 1.000000 0.000000
1.000000 1.000000 1.000000
2.469466 2.455672 2.569018
2.444472
57.891083 58.307751 50.000000
1.000000 1.000000 1.000000 1.000000
0.000000 1.000000 0.000000
1.000000 1.000000 1.000000
2.084872 2.685049 2.228309
8.697805
51.090900 52.179131 50.000000
1.000000 1.000000 1.000000 1.000000
0.000000 1.000000 0.000000
1.000000 1.000000 1.000000
1.191961 2.498215 2.228553
1.792138
56.436253 56.131290 50.000000
1.000000 1.000000 1.000000 1.000000
0.000000 1.000000 0.000000
1.000000 1.000000 1.000000
2.475143 2.229835 1.714988
6.625446
54.508972 55.483128 50.000000
1.000000 1.000000 1.000000 1.000000
0.000000 1.000000 0.000000
1.000000 1.000000 1.000000
2.434614 2.635365 2.239479
4.663503
51.148426 51.932281 50.000000
1.000000 1.000000 1.000000 1.000000
0.000000 1.000000 0.000000
1.000000 1.000000 1.000000
1.973846 2.111911 1.103580
1.303507
55.500412 56.793297 50.000000
1.000000 1.000000 1.000000 1.000000
0.000000 1.000000 0.000000
1.000000 1.000000 1.000000
2.959105 2.595080 1.143010
5.570726
51.162495 52.091312 50.000000
1.000000 1.000000 1.000000 1.000000
0.000000 1.000000 0.000000
1.000000 1.000000 1.000000
2.564562 2.193579 2.265664
1.186499
51.434578 51.659431 50.000000
1.000000 1.000000 1.000000 1.000000
0.000000 1.000000 0.000000
1.000000 1.000000 1.000000
2.214881 1.625751 1.056764
1.536699
56.492313 57.501362 50.000000
1.000000 1.000000 1.000000 1.000000
0.000000 1.000000 0.000000
1.000000 1.000000 1.000000
2.938169 2.517991 1.762230
6.569964
57.121284 57.375874 50.000000
1.000000 1.000000 1.000000 1.000000
0.000000 1.000000 0.000000
1.000000 1.000000 1.000000
1.940886 2.629749 2.963927
8.161107
55.575840 54.921600 50.000000
1.000000 1.000000 1.000000 1.000000
0.000000 1.000000 0.000000
1.000000 1.000000 1.000000
2.219214 2.066927 1.258248
5.967620
58.301598 54.950512 50.000000
1.000000 1.000000 1.000000 1.000000
0.000000 1.000000 0.000000
1.000000 1.000000 1.000000
2.016694 1.545549 2.252113
9.311411
54.467819 55.440704 50.000000
1.000000 1.000000 1.000000 1.000000
0.000000 1.000000 0.000000
1.000000 1.000000 1.000000
1.942839 2.768914 2.186438
5.117252
52.390419 52.732845 50.000000
1.000000 1.000000 1.000000 1.000000
0.000000 1.000000 0.000000
1.000000 1.000000 1.000000
2.564440 1.980865 2.502609
2.439802
57.191044 58.085670 50.000000
1.000000 1.000000 1.000000 1.000000
0.000000 1.000000 0.000000
1.000000 1.000000 1.000000
2.281167 2.756706 2.661366
7.608753
54.290321 52.164337 50.000000
1.000000 1.000000 1.000000 1.000000
0.000000 1.000000 0.000000
1.000000 1.000000 1.000000
2.300210 1.095401 1.529313
4.524796
51.110466 52.680470 50.000000
1.000000 1.000000 1.000000 1.000000
0.000000 1.000000 0.000000
1.000000 1.000000 1.000000
2.519700 2.875118 2.643605
1.137883
55.627945 56.033859 50.000000
1.000000 1.000000 1.000000 1.000000
0.000000 1.000000 0.000000
1.000000 1.000000 1.000000
1.135624 2.733818 1.668050
9.637440
52.804932 53.469280 50.000000
1.000000 1.000000 1.000000 1.000000
0.000000 1.000000 0.000000
1.000000 1.000000 1.000000
1.783959 2.439070 1.353648
3.385754
