1
-500.000000 -500.000000 -500.000000
500.000000 500.000000 500.000000
10
0
2.000000
1 1
0
1
10.823417
0
0
0
0
1
1
../../data/Texture/Heal.png
../../data/Shader/EffectShader.hlsl
129.902039 -471.617798 355.372803
1.000000 1.000000 1.000000 1.000000
0.000000 1.000000 0.000000
50.000000 50.000000 50.000000
50.000000 50.000000 50.000000
1.000000
121.570496 -401.303131 -230.246887
1.000000 1.000000 1.000000 1.000000
0.000000 1.000000 0.000000
50.000000 50.000000 50.000000
50.000000 50.000000 50.000000
1.000000
-241.355621 33.433044 257.744080
1.000000 1.000000 1.000000 1.000000
0.000000 1.000000 0.000000
50.000000 50.000000 50.000000
50.000000 50.000000 50.000000
1.000000
88.640991 -85.650208 111.072144
1.000000 1.000000 1.000000 1.000000
0.000000 1.000000 0.000000
50.000000 50.000000 50.000000
50.000000 50.000000 50.000000
1.000000
-468.413330 369.411316 -183.309448
1.000000 1.000000 1.000000 1.000000
0.000000 1.000000 0.000000
50.000000 50.000000 50.000000
50.000000 50.000000 50.000000
1.000000
241.019897 47.440979 -8.163696
1.000000 1.000000 1.000000 1.000000
0.000000 1.000000 0.000000
50.000000 50.000000 50.000000
50.000000 50.000000 50.000000
1.000000
-494.750824 375.423462 70.696106
0.000000 0.000000 0.000000 0.000000
0.000000 1.000000 0.000000
50.000000 50.000000 50.000000
50.000000 50.000000 50.000000
1.000000
-311.273529 -349.696350 208.029419
1.000000 1.000000 1.000000 1.000000
0.000000 1.000000 0.000000
50.000000 50.000000 50.000000
50.000000 50.000000 50.000000
1.000000
-81.438629 307.824951 -73.503815
1.000000 1.000000 1.000000 1.000000
0.000000 1.000000 0.000000
50.000000 50.000000 50.000000
50.000000 50.000000 50.000000
1.000000
458.799988 329.432068 206.503540
1.000000 1.000000 1.000000 1.000000
0.000000 1.000000 0.000000
50.000000 50.000000 50.000000
50.000000 50.000000 50.000000
1.000000
