1
0
0.000000 0.000000 0.000000
100.000000 100.000000 100.000000
10
0
0
1
7.000000
0
1.000000
0
3.000000
1
3
1 1
1
0
0.520188
1
../data/Texture/Dust_Gray.dds
../data/Shader/EffectShader.hlsl
50.704582 50.000000 50.000000
1.000000 1.000000 1.000000 1.000000
1.000000 0.000000 0.000000
1.369274 1.154668 1.532792
1.354503 4.077364 6.142125
1.000000
52.722095 50.000000 50.000000
1.000000 1.000000 1.000000 1.000000
1.000000 0.000000 0.000000
2.319437 1.658589 2.561571
5.232795 4.491196 6.343547
1.000000
52.423508 50.000000 50.000000
1.000000 1.000000 1.000000 1.000000
1.000000 0.000000 0.000000
1.799646 1.575274 1.389904
4.658925 2.181066 2.027253
1.000000
51.938969 50.000000 50.000000
1.000000 1.000000 1.000000 1.000000
1.000000 0.000000 0.000000
2.650319 1.316965 2.746941
3.727439 1.841029 4.067842
1.000000
52.128319 50.000000 50.000000
1.000000 1.000000 1.000000 1.000000
1.000000 0.000000 0.000000
2.536119 1.344127 2.237831
4.091464 1.795618 4.189795
1.000000
52.443214 50.000000 50.000000
1.000000 1.000000 1.000000 1.000000
1.000000 0.000000 0.000000
2.881954 2.507370 2.456648
4.696829 5.144170 2.902524
1.000000
51.537395 50.000000 50.000000
1.000000 1.000000 1.000000 1.000000
1.000000 0.000000 0.000000
1.843349 2.231910 2.088840
2.955443 2.236549 5.052065
1.000000
50.725090 50.000000 50.000000
1.000000 1.000000 1.000000 1.000000
1.000000 0.000000 0.000000
1.503677 1.646992 2.136082
1.393872 4.636768 3.773217
1.000000
53.518330 50.000000 50.000000
1.000000 1.000000 1.000000 1.000000
1.000000 0.000000 0.000000
1.476882 2.767815 2.728446
6.763604 6.411664 3.729637
1.000000
52.380531 50.000000 50.000000
1.000000 1.000000 1.000000 1.000000
1.000000 0.000000 0.000000
2.552110 1.684286 1.037660
4.576342 3.923551 1.414563
1.000000
