1
0
0.000000 0.000000 0.000000
100.000000 100.000000 100.000000
100
1
0
1
4.000000
1
15.000000
0
10.000000
0
1
4 4
0
1
0.544149
2
../data/Texture/cannon_ship.dds
../data/Texture/lighting.DDS
../data/Shader/EffectShader.hlsl
55.282764 55.444965 50.000000
1.000000 1.000000 1.000000 1.000000
0.000000 1.000000 0.000000
1.000000 1.000000 1.000000
3.055422 2.098758 3.535447
5.407605
63.759380 57.974270 50.000000
1.000000 1.000000 1.000000 1.000000
0.000000 1.000000 0.000000
1.000000 1.000000 1.000000
2.827723 1.420606 2.711264
13.977142
52.742001 55.284859 50.000000
1.000000 1.000000 1.000000 1.000000
0.000000 1.000000 0.000000
1.000000 1.000000 1.000000
3.080599 3.272408 3.699423
2.812006
61.076252 69.853264 50.000000
1.000000 1.000000 1.000000 1.000000
0.000000 1.000000 0.000000
1.000000 1.000000 1.000000
3.601917 3.547349 3.427595
12.377911
53.305828 56.867588 50.000000
1.000000 1.000000 1.000000 1.000000
0.000000 1.000000 0.000000
1.000000 1.000000 1.000000
3.916776 3.046907 3.914396
4.089511
56.441593 56.567791 50.000000
1.000000 1.000000 1.000000 1.000000
0.000000 1.000000 0.000000
1.000000 1.000000 1.000000
2.635182 2.322794 1.112980
6.583849
64.267227 64.812256 50.000000
1.000000 1.000000 1.000000 1.000000
0.000000 1.000000 0.000000
1.000000 1.000000 1.000000
3.062380 2.431929 3.785211
14.611622
56.059086 53.683746 50.000000
1.000000 1.000000 1.000000 1.000000
0.000000 1.000000 0.000000
1.000000 1.000000 1.000000
1.166906 1.572130 3.746666
10.233925
56.793720 58.877880 50.000000
1.000000 1.000000 1.000000 1.000000
0.000000 1.000000 0.000000
1.000000 1.000000 1.000000
2.500229 3.067324 3.331553
7.022217
60.018307 64.063850 50.000000
1.000000 1.000000 1.000000 1.000000
0.000000 1.000000 0.000000
1.000000 1.000000 1.000000
2.160649 3.670949 3.415509
10.935484
55.889084 53.847534 50.000000
1.000000 1.000000 1.000000 1.000000
0.000000 1.000000 0.000000
1.000000 1.000000 1.000000
1.396527 1.656728 3.843806
8.572313
51.984154 54.216831 50.000000
1.000000 1.000000 1.000000 1.000000
0.000000 1.000000 0.000000
1.000000 1.000000 1.000000
3.941404 2.665670 3.607868
2.478744
58.046761 59.491184 50.000000
1.000000 1.000000 1.000000 1.000000
0.000000 1.000000 0.000000
1.000000 1.000000 1.000000
2.675283 2.776452 1.612781
8.206153
53.824722 53.066860 50.000000
1.000000 1.000000 1.000000 1.000000
0.000000 1.000000 0.000000
1.000000 1.000000 1.000000
1.706717 1.770440 3.381268
4.796197
54.982075 55.590134 50.000000
1.000000 1.000000 1.000000 1.000000
0.000000 1.000000 0.000000
1.000000 1.000000 1.000000
3.467330 2.058474 1.535966
5.396070
51.645252 51.438118 50.000000
1.000000 1.000000 1.000000 1.000000
0.000000 1.000000 0.000000
1.000000 1.000000 1.000000
2.914335 1.237770 1.405591
1.672933
54.542423 55.769222 50.000000
1.000000 1.000000 1.000000 1.000000
0.000000 1.000000 0.000000
1.000000 1.000000 1.000000
2.434584 2.749718 2.597461
4.730827
56.031788 54.246521 50.000000
1.000000 1.000000 1.000000 1.000000
0.000000 1.000000 0.000000
1.000000 1.000000 1.000000
2.542802 1.604633 1.880673
6.208716
62.024529 63.531898 50.000000
1.000000 1.000000 1.000000 1.000000
0.000000 1.000000 0.000000
1.000000 1.000000 1.000000
2.969359 2.645070 3.223701
12.249733
51.884331 51.534874 50.000000
1.000000 1.000000 1.000000 1.000000
0.000000 1.000000 0.000000
1.000000 1.000000 1.000000
2.229133 1.313578 1.329600
2.027986
55.281513 56.499451 50.000000
1.000000 1.000000 1.000000 1.000000
0.000000 1.000000 0.000000
1.000000 1.000000 1.000000
3.268471 2.396405 2.513779
5.527238
57.836285 60.716751 50.000000
1.000000 1.000000 1.000000 1.000000
0.000000 1.000000 0.000000
1.000000 1.000000 1.000000
1.279977 3.709219 1.266427
12.242470
53.349800 54.226784 50.000000
1.000000 1.000000 1.000000 1.000000
0.000000 1.000000 0.000000
1.000000 1.000000 1.000000
3.282754 2.195990 3.345012
3.512711
51.613491 53.538746 50.000000
1.000000 1.000000 1.000000 1.000000
0.000000 1.000000 0.000000
1.000000 1.000000 1.000000
1.558580 3.408551 1.739311
2.158727
58.977009 56.034256 50.000000
1.000000 1.000000 1.000000 1.000000
0.000000 1.000000 0.000000
1.000000 1.000000 1.000000
1.540727 1.834986 2.353465
12.113864
57.218681 58.966404 50.000000
1.000000 1.000000 1.000000 1.000000
0.000000 1.000000 0.000000
1.000000 1.000000 1.000000
2.246346 3.047822 2.748436
7.743431
63.321575 56.225525 50.000000
1.000000 1.000000 1.000000 1.000000
0.000000 1.000000 0.000000
1.000000 1.000000 1.000000
2.848414 1.137333 2.789178
13.532792
63.351635 67.514214 50.000000
1.000000 1.000000 1.000000 1.000000
0.000000 1.000000 0.000000
1.000000 1.000000 1.000000
2.479629 3.403058 1.538987
13.831446
61.015244 73.015694 50.000000
1.000000 1.000000 1.000000 1.000000
0.000000 1.000000 0.000000
1.000000 1.000000 1.000000
3.863033 3.767907 2.246895
13.351208
52.054211 53.771385 50.000000
1.000000 1.000000 1.000000 1.000000
0.000000 1.000000 0.000000
1.000000 1.000000 1.000000
2.861598 2.886685 3.769280
2.086947
53.982056 56.018818 50.000000
1.000000 1.000000 1.000000 1.000000
0.000000 1.000000 0.000000
1.000000 1.000000 1.000000
1.542558 3.416517 3.271584
5.368725
64.486176 70.183563 50.000000
1.000000 1.000000 1.000000 1.000000
0.000000 1.000000 0.000000
1.000000 1.000000 1.000000
2.848598 3.418073 3.553209
14.715873
57.555435 62.888859 50.000000
1.000000 1.000000 1.000000 1.000000
0.000000 1.000000 0.000000
1.000000 1.000000 1.000000
3.469985 3.356365 1.838374
8.187780
59.721252 57.143883 50.000000
1.000000 1.000000 1.000000 1.000000
0.000000 1.000000 0.000000
1.000000 1.000000 1.000000
3.012299 1.670003 1.378674
9.924161
53.000957 54.825821 50.000000
1.000000 1.000000 1.000000 1.000000
0.000000 1.000000 0.000000
1.000000 1.000000 1.000000
1.052095 3.377514 1.708823
5.547746
62.692657 59.502617 50.000000
1.000000 1.000000 1.000000 1.000000
0.000000 1.000000 0.000000
1.000000 1.000000 1.000000
3.176000 1.689596 2.900876
13.132450
60.954311 58.193424 50.000000
1.000000 1.000000 1.000000 1.000000
0.000000 1.000000 0.000000
1.000000 1.000000 1.000000
1.594378 2.095737 3.660695
14.413801
53.773151 57.139801 50.000000
1.000000 1.000000 1.000000 1.000000
0.000000 1.000000 0.000000
1.000000 1.000000 1.000000
2.426801 3.894528 1.609210
3.933561
63.814564 63.534779 50.000000
1.000000 1.000000 1.000000 1.000000
0.000000 1.000000 0.000000
1.000000 1.000000 1.000000
2.249550 2.635823 2.593707
14.809870
57.666634 59.635311 50.000000
1.000000 1.000000 1.000000 1.000000
0.000000 1.000000 0.000000
1.000000 1.000000 1.000000
1.001740 3.443983 2.371319
14.806025
56.210670 59.232277 50.000000
1.000000 1.000000 1.000000 1.000000
0.000000 1.000000 0.000000
1.000000 1.000000 1.000000
1.842036 3.690359 1.510147
7.407178
54.089336 56.971558 50.000000
1.000000 1.000000 1.000000 1.000000
0.000000 1.000000 0.000000
1.000000 1.000000 1.000000
1.050172 3.984802 1.850459
7.572100
52.783958 54.485287 50.000000
1.000000 1.000000 1.000000 1.000000
0.000000 1.000000 0.000000
1.000000 1.000000 1.000000
2.567614 2.953246 3.370190
2.859432
53.450867 53.476582 50.000000
1.000000 1.000000 1.000000 1.000000
0.000000 1.000000 0.000000
1.000000 1.000000 1.000000
3.270119 1.772546 3.798669
3.612262
59.670460 63.779217 50.000000
1.000000 1.000000 1.000000 1.000000
0.000000 1.000000 0.000000
1.000000 1.000000 1.000000
1.566820 3.928495 1.822077
12.888059
55.580311 57.756630 50.000000
1.000000 1.000000 1.000000 1.000000
0.000000 1.000000 0.000000
1.000000 1.000000 1.000000
2.419660 3.167943 3.224616
5.822901
51.064369 51.912025 50.000000
1.000000 1.000000 1.000000 1.000000
0.000000 1.000000 0.000000
1.000000 1.000000 1.000000
2.374981 2.113315 3.808283
1.117496
56.215187 59.739449 50.000000
1.000000 1.000000 1.000000 1.000000
0.000000 1.000000 0.000000
1.000000 1.000000 1.000000
2.704398 3.507340 2.436781
6.330058
52.293018 51.913498 50.000000
1.000000 1.000000 1.000000 1.000000
0.000000 1.000000 0.000000
1.000000 1.000000 1.000000
1.245643 1.557390 3.045259
3.664388
58.849773 57.988605 50.000000
1.000000 1.000000 1.000000 1.000000
0.000000 1.000000 0.000000
1.000000 1.000000 1.000000
2.038789 2.349162 1.961241
9.947233
62.782478 58.724514 50.000000
1.000000 1.000000 1.000000 1.000000
0.000000 1.000000 0.000000
1.000000 1.000000 1.000000
2.350627 1.795892 3.379345
13.469558
53.119953 51.720234 50.000000
1.000000 1.000000 1.000000 1.000000
0.000000 1.000000 0.000000
1.000000 1.000000 1.000000
2.182531 1.095035 2.334605
3.389660
55.374561 57.076092 50.000000
1.000000 1.000000 1.000000 1.000000
0.000000 1.000000 0.000000
1.000000 1.000000 1.000000
1.853481 3.158422 2.017090
6.385174
60.063427 66.720215 50.000000
1.000000 1.000000 1.000000 1.000000
0.000000 1.000000 0.000000
1.000000 1.000000 1.000000
2.753105 3.986084 1.772362
10.233070
59.099522 67.721359 50.000000
1.000000 1.000000 1.000000 1.000000
0.000000 1.000000 0.000000
1.000000 1.000000 1.000000
3.859188 3.452406 1.630818
11.013672
57.416260 55.101761 50.000000
1.000000 1.000000 1.000000 1.000000
0.000000 1.000000 0.000000
1.000000 1.000000 1.000000
3.111637 1.473159 1.711112
7.625080
61.438530 54.433548 50.000000
1.000000 1.000000 1.000000 1.000000
0.000000 1.000000 0.000000
1.000000 1.000000 1.000000
2.238197 1.021790 3.338969
12.289041
62.382217 60.674294 50.000000
1.000000 1.000000 1.000000 1.000000
0.000000 1.000000 0.000000
1.000000 1.000000 1.000000
3.125095 1.964171 2.227393
12.746208
60.247520 55.691299 50.000000
1.000000 1.000000 1.000000 1.000000
0.000000 1.000000 0.000000
1.000000 1.000000 1.000000
3.325785 1.180639 1.561327
10.815851
52.973415 56.444286 50.000000
1.000000 1.000000 1.000000 1.000000
0.000000 1.000000 0.000000
1.000000 1.000000 1.000000
2.802912 3.944151 2.329936
3.020936
63.493877 60.530727 50.000000
1.000000 1.000000 1.000000 1.000000
0.000000 1.000000 0.000000
1.000000 1.000000 1.000000
2.495926 2.021760 1.750389
13.954070
55.112896 54.515537 50.000000
1.000000 1.000000 1.000000 1.000000
0.000000 1.000000 0.000000
1.000000 1.000000 1.000000
3.808740 1.471603 2.128147
6.078829
61.221500 56.395554 50.000000
1.000000 1.000000 1.000000 1.000000
0.000000 1.000000 0.000000
1.000000 1.000000 1.000000
1.610950 1.600055 3.995788
14.655202
57.854965 59.196148 50.000000
1.000000 1.000000 1.000000 1.000000
0.000000 1.000000 0.000000
1.000000 1.000000 1.000000
3.847102 2.050416 3.874844
9.465713
59.367912 58.375141 50.000000
1.000000 1.000000 1.000000 1.000000
0.000000 1.000000 0.000000
1.000000 1.000000 1.000000
1.345622 2.491531 3.505234
14.048066
60.424480 61.100594 50.000000
1.000000 1.000000 1.000000 1.000000
0.000000 1.000000 0.000000
1.000000 1.000000 1.000000
1.925077 2.874508 2.884030
12.102756
52.578415 52.282410 50.000000
1.000000 1.000000 1.000000 1.000000
0.000000 1.000000 0.000000
1.000000 1.000000 1.000000
1.386181 1.726402 1.959960
3.775475
57.246906 60.510147 50.000000
1.000000 1.000000 1.000000 1.000000
0.000000 1.000000 0.000000
1.000000 1.000000 1.000000
2.489151 3.450118 1.324290
7.499466
55.884193 55.416058 50.000000
1.000000 1.000000 1.000000 1.000000
0.000000 1.000000 0.000000
1.000000 1.000000 1.000000
2.504715 2.098208 2.745323
6.079257
59.953297 67.383919 50.000000
1.000000 1.000000 1.000000 1.000000
0.000000 1.000000 0.000000
1.000000 1.000000 1.000000
3.436842 3.591388 2.886593
10.714164
52.651955 53.850727 50.000000
1.000000 1.000000 1.000000 1.000000
0.000000 1.000000 0.000000
1.000000 1.000000 1.000000
1.508133 2.847133 2.056001
3.636616
51.589001 51.811504 50.000000
1.000000 1.000000 1.000000 1.000000
0.000000 1.000000 0.000000
1.000000 1.000000 1.000000
1.003296 1.791314 3.327067
3.064516
60.882843 62.981655 50.000000
1.000000 1.000000 1.000000 1.000000
0.000000 1.000000 0.000000
1.000000 1.000000 1.000000
3.063112 2.718223 2.876797
11.146123
54.449677 56.203365 50.000000
1.000000 1.000000 1.000000 1.000000
0.000000 1.000000 0.000000
1.000000 1.000000 1.000000
2.523484 2.968535 3.885098
4.588549
58.112514 63.582287 50.000000
1.000000 1.000000 1.000000 1.000000
0.000000 1.000000 0.000000
1.000000 1.000000 1.000000
3.394177 3.395825 3.837489
8.662465
57.401207 57.613293 50.000000
1.000000 1.000000 1.000000 1.000000
0.000000 1.000000 0.000000
1.000000 1.000000 1.000000
2.068270 2.587573 2.576403
8.256142
52.643021 51.999256 50.000000
1.000000 1.000000 1.000000 1.000000
0.000000 1.000000 0.000000
1.000000 1.000000 1.000000
2.859035 1.311472 1.943938
2.685110
63.680264 56.619732 50.000000
1.000000 1.000000 1.000000 1.000000
0.000000 1.000000 0.000000
1.000000 1.000000 1.000000
2.956542 1.155278 2.360881
13.929289
54.769459 58.290573 50.000000
1.000000 1.000000 1.000000 1.000000
0.000000 1.000000 0.000000
1.000000 1.000000 1.000000
2.397137 3.827967 3.183599
4.991882
57.828720 53.986240 50.000000
1.000000 1.000000 1.000000 1.000000
0.000000 1.000000 0.000000
1.000000 1.000000 1.000000
3.141758 1.092288 3.185705
8.071566
61.133667 65.410477 50.000000
1.000000 1.000000 1.000000 1.000000
0.000000 1.000000 0.000000
1.000000 1.000000 1.000000
1.853938 3.797388 2.005188
13.225165
51.119396 54.110207 50.000000
1.000000 1.000000 1.000000 1.000000
0.000000 1.000000 0.000000
1.000000 1.000000 1.000000
3.473922 3.978576 1.903012
1.214057
56.982758 58.339329 50.000000
1.000000 1.000000 1.000000 1.000000
0.000000 1.000000 0.000000
1.000000 1.000000 1.000000
3.180395 2.495193 1.675130
7.228157
60.986847 60.000126 50.000000
1.000000 1.000000 1.000000 1.000000
0.000000 1.000000 0.000000
1.000000 1.000000 1.000000
2.835871 2.174474 3.063295
11.160650
52.867149 55.301815 50.000000
1.000000 1.000000 1.000000 1.000000
0.000000 1.000000 0.000000
1.000000 1.000000 1.000000
3.507065 2.928892 3.507340
3.132023
53.493919 56.034924 50.000000
1.000000 1.000000 1.000000 1.000000
0.000000 1.000000 0.000000
1.000000 1.000000 1.000000
1.155553 3.817713 1.582934
5.951079
60.093285 63.468700 50.000000
1.000000 1.000000 1.000000 1.000000
0.000000 1.000000 0.000000
1.000000 1.000000 1.000000
2.092990 3.520981 3.968963
11.190557
51.660645 51.242783 50.000000
1.000000 1.000000 1.000000 1.000000
0.000000 1.000000 0.000000
1.000000 1.000000 1.000000
1.292245 1.193182 3.287423
2.574023
59.074699 54.850029 50.000000
1.000000 1.000000 1.000000 1.000000
0.000000 1.000000 0.000000
1.000000 1.000000 1.000000
3.150731 1.168096 2.660817
9.364452
61.331718 65.166809 50.000000
1.000000 1.000000 1.000000 1.000000
0.000000 1.000000 0.000000
1.000000 1.000000 1.000000
3.798395 2.480270 2.329295
13.425122
52.586132 55.313007 50.000000
1.000000 1.000000 1.000000 1.000000
0.000000 1.000000 0.000000
1.000000 1.000000 1.000000
2.544450 3.674886 3.172979
2.661611
57.709030 65.512665 50.000000
1.000000 1.000000 1.000000 1.000000
0.000000 1.000000 0.000000
1.000000 1.000000 1.000000
3.556505 3.872921 2.481185
8.518051
63.384266 72.064331 50.000000
1.000000 1.000000 1.000000 1.000000
0.000000 1.000000 0.000000
1.000000 1.000000 1.000000
3.365337 3.561357 3.814966
14.218970
55.188286 52.892349 50.000000
1.000000 1.000000 1.000000 1.000000
0.000000 1.000000 0.000000
1.000000 1.000000 1.000000
3.290719 1.076266 1.303507
5.446913
57.642700 62.295570 50.000000
1.000000 1.000000 1.000000 1.000000
0.000000 1.000000 0.000000
1.000000 1.000000 1.000000
3.379894 3.248146 2.221351
8.139927
56.166092 52.960369 50.000000
1.000000 1.000000 1.000000 1.000000
0.000000 1.000000 0.000000
1.000000 1.000000 1.000000
1.953642 1.177892 3.187719
7.097415
59.573036 56.093933 50.000000
1.000000 1.000000 1.000000 1.000000
0.000000 1.000000 0.000000
1.000000 1.000000 1.000000
2.354381 1.613514 1.832514
10.081820
60.893024 58.906483 50.000000
1.000000 1.000000 1.000000 1.000000
0.000000 1.000000 0.000000
1.000000 1.000000 1.000000
2.987945 1.893490 1.274026
11.106388
55.218540 54.396244 50.000000
1.000000 1.000000 1.000000 1.000000
0.000000 1.000000 0.000000
1.000000 1.000000 1.000000
2.254677 1.928465 2.249550
5.589190
56.535309 54.026703 50.000000
1.000000 1.000000 1.000000 1.000000
0.000000 1.000000 0.000000
1.000000 1.000000 1.000000
3.463118 1.188238 3.244850
7.072206
