*VERSION* 1.000000
1
0
-128.000000 0.000000 0.000000
0.000000 128.000000 128.000000
100
0
1
0
40.000000
0
1.000000
0
-1.000000
0
15
1 1
0
1
2.936157
1
1
1
0
1
../data/Texture/image_20187.jpg
../data/Shader/EffectShader.hlsl
-81.268105 56.206646 90.772301
0.987418 0.987418 0.987418 0.987418
0.000000 -1.000000 0.000000
15.000000 15.000000 15.000000
40.000000 40.000000 40.000000
1.000000
-55.622787 2.714099 64.849632
0.000000 0.000000 0.000000 0.000000
0.000000 -1.000000 0.000000
15.000000 15.000000 15.000000
40.000000 40.000000 40.000000
1.000000
-101.862488 55.590977 55.978271
0.972172 0.972172 0.972172 0.972172
0.000000 -1.000000 0.000000
15.000000 15.000000 15.000000
40.000000 40.000000 40.000000
1.000000
-103.741447 104.212448 11.633167
0.984231 0.984231 0.984231 0.984231
0.000000 -1.000000 0.000000
15.000000 15.000000 15.000000
40.000000 40.000000 40.000000
1.000000
-82.607986 88.663902 27.176611
0.986067 0.986067 0.986067 0.986067
0.000000 -1.000000 0.000000
15.000000 15.000000 15.000000
40.000000 40.000000 40.000000
1.000000
-47.751457 13.099854 75.514023
0.786180 0.786180 0.786180 0.786180
0.000000 -1.000000 0.000000
15.000000 15.000000 15.000000
40.000000 40.000000 40.000000
1.000000
-2.453201 48.965511 92.170784
0.000000 0.000000 0.000000 0.000000
0.000000 -1.000000 0.000000
15.000000 15.000000 15.000000
40.000000 40.000000 40.000000
1.000000
-21.942078 89.662170 87.033905
0.986414 0.986414 0.986414 0.986414
0.000000 -1.000000 0.000000
15.000000 15.000000 15.000000
40.000000 40.000000 40.000000
1.000000
-127.203102 28.023464 11.586291
0.000000 0.000000 0.000000 0.000000
0.000000 -1.000000 0.000000
15.000000 15.000000 15.000000
40.000000 40.000000 40.000000
1.000000
-49.415573 103.985664 110.854942
0.985812 0.985812 0.985812 0.985812
0.000000 -1.000000 0.000000
15.000000 15.000000 15.000000
40.000000 40.000000 40.000000
1.000000
-43.157570 119.381721 62.388622
0.225431 0.225431 0.225431 0.225431
0.000000 -1.000000 0.000000
15.000000 15.000000 15.000000
40.000000 40.000000 40.000000
1.000000
-60.736229 123.198242 124.249886
0.000000 0.000000 0.000000 0.000000
0.000000 -1.000000 0.000000
15.000000 15.000000 15.000000
40.000000 40.000000 40.000000
1.000000
-32.172859 26.269848 109.167397
0.973090 0.973090 0.973090 0.973090
0.000000 -1.000000 0.000000
15.000000 15.000000 15.000000
40.000000 40.000000 40.000000
1.000000
-11.488632 105.158630 3.675894
0.000000 0.000000 0.000000 0.000000
0.000000 -1.000000 0.000000
15.000000 15.000000 15.000000
40.000000 40.000000 40.000000
1.000000
-66.224678 93.700279 80.447769
0.985144 0.985144 0.985144 0.985144
0.000000 -1.000000 0.000000
15.000000 15.000000 15.000000
40.000000 40.000000 40.000000
1.000000
-68.662247 18.965107 86.006531
0.967761 0.967761 0.967761 0.967761
0.000000 -1.000000 0.000000
15.000000 15.000000 15.000000
40.000000 40.000000 40.000000
1.000000
-21.371742 29.846428 63.224586
0.955509 0.955509 0.955509 0.955509
0.000000 -1.000000 0.000000
15.000000 15.000000 15.000000
40.000000 40.000000 40.000000
1.000000
-20.258430 88.841766 15.961425
0.982084 0.982084 0.982084 0.982084
0.000000 -1.000000 0.000000
15.000000 15.000000 15.000000
40.000000 40.000000 40.000000
1.000000
-98.881927 32.398598 7.398664
0.000000 0.000000 0.000000 0.000000
0.000000 -1.000000 0.000000
15.000000 15.000000 15.000000
40.000000 40.000000 40.000000
1.000000
-121.550583 36.265903 106.905609
0.000000 0.000000 0.000000 0.000000
0.000000 -1.000000 0.000000
15.000000 15.000000 15.000000
40.000000 40.000000 40.000000
1.000000
-30.762657 15.940580 15.941893
0.817788 0.817788 0.817788 0.817788
0.000000 -1.000000 0.000000
15.000000 15.000000 15.000000
40.000000 40.000000 40.000000
1.000000
-27.871941 127.756973 19.043550
0.000000 0.000000 0.000000 0.000000
0.000000 -1.000000 0.000000
15.000000 15.000000 15.000000
40.000000 40.000000 40.000000
1.000000
-63.052704 30.527630 98.870201
0.924551 0.924551 0.924551 0.924551
0.000000 -1.000000 0.000000
15.000000 15.000000 15.000000
40.000000 40.000000 40.000000
1.000000
-86.858124 102.951530 118.675499
0.000000 0.000000 0.000000 0.000000
0.000000 -1.000000 0.000000
15.000000 15.000000 15.000000
40.000000 40.000000 40.000000
1.000000
-63.564438 41.937908 17.367718
0.987230 0.987230 0.987230 0.987230
0.000000 -1.000000 0.000000
15.000000 15.000000 15.000000
40.000000 40.000000 40.000000
1.000000
-39.544174 13.797730 31.020477
0.854252 0.854252 0.854252 0.854252
0.000000 -1.000000 0.000000
15.000000 15.000000 15.000000
40.000000 40.000000 40.000000
1.000000
-80.916534 48.282513 78.689903
0.987010 0.987010 0.987010 0.987010
0.000000 -1.000000 0.000000
15.000000 15.000000 15.000000
40.000000 40.000000 40.000000
1.000000
-126.734337 70.919304 110.765099
0.000000 0.000000 0.000000 0.000000
0.000000 -1.000000 0.000000
15.000000 15.000000 15.000000
40.000000 40.000000 40.000000
1.000000
-31.145485 70.007477 46.638142
0.983823 0.983823 0.983823 0.983823
0.000000 -1.000000 0.000000
15.000000 15.000000 15.000000
40.000000 40.000000 40.000000
1.000000
-105.507126 0.354652 107.436874
0.000000 0.000000 0.000000 0.000000
0.000000 -1.000000 0.000000
15.000000 15.000000 15.000000
40.000000 40.000000 40.000000
1.000000
-36.133919 20.252687 58.747887
0.952188 0.952188 0.952188 0.952188
0.000000 -1.000000 0.000000
15.000000 15.000000 15.000000
40.000000 40.000000 40.000000
1.000000
-47.849113 11.435508 78.111755
0.363933 0.363933 0.363933 0.363933
0.000000 -1.000000 0.000000
15.000000 15.000000 15.000000
40.000000 40.000000 40.000000
1.000000
-11.664421 93.520332 29.477463
0.986784 0.986784 0.986784 0.986784
0.000000 -1.000000 0.000000
15.000000 15.000000 15.000000
40.000000 40.000000 40.000000
1.000000
-41.712212 67.610008 77.197670
0.973375 0.973375 0.973375 0.973375
0.000000 -1.000000 0.000000
15.000000 15.000000 15.000000
40.000000 40.000000 40.000000
1.000000
-58.888519 42.371559 5.082186
0.000000 0.000000 0.000000 0.000000
0.000000 -1.000000 0.000000
15.000000 15.000000 15.000000
40.000000 40.000000 40.000000
1.000000
-77.994568 23.964319 52.196907
0.986350 0.986350 0.986350 0.986350
0.000000 -1.000000 0.000000
15.000000 15.000000 15.000000
40.000000 40.000000 40.000000
1.000000
-2.457108 125.792076 39.911373
0.000000 0.000000 0.000000 0.000000
0.000000 -1.000000 0.000000
15.000000 15.000000 15.000000
40.000000 40.000000 40.000000
1.000000
-19.293556 22.294622 63.748039
0.945517 0.945517 0.945517 0.945517
0.000000 -1.000000 0.000000
15.000000 15.000000 15.000000
40.000000 40.000000 40.000000
1.000000
-82.639236 61.394497 18.277901
0.974549 0.974549 0.974549 0.974549
0.000000 -1.000000 0.000000
15.000000 15.000000 15.000000
40.000000 40.000000 40.000000
1.000000
-81.377487 69.164864 35.344830
0.983948 0.983948 0.983948 0.983948
0.000000 -1.000000 0.000000
15.000000 15.000000 15.000000
40.000000 40.000000 40.000000
1.000000
-98.178780 66.457848 42.274727
0.983567 0.983567 0.983567 0.983567
0.000000 -1.000000 0.000000
15.000000 15.000000 15.000000
40.000000 40.000000 40.000000
1.000000
-26.750816 56.610615 107.495468
0.967893 0.967893 0.967893 0.967893
0.000000 -1.000000 0.000000
15.000000 15.000000 15.000000
40.000000 40.000000 40.000000
1.000000
-12.648827 119.487190 48.040527
0.228710 0.228710 0.228710 0.228710
0.000000 -1.000000 0.000000
15.000000 15.000000 15.000000
40.000000 40.000000 40.000000
1.000000
-48.724144 69.818336 106.268867
0.984171 0.984171 0.984171 0.984171
0.000000 -1.000000 0.000000
15.000000 15.000000 15.000000
40.000000 40.000000 40.000000
1.000000
-42.688805 86.810417 1.421918
0.000000 0.000000 0.000000 0.000000
0.000000 -1.000000 0.000000
15.000000 15.000000 15.000000
40.000000 40.000000 40.000000
1.000000
-112.929230 40.172123 85.467453
0.969755 0.969755 0.969755 0.969755
0.000000 -1.000000 0.000000
15.000000 15.000000 15.000000
40.000000 40.000000 40.000000
1.000000
-62.236275 65.929817 30.063417
0.971047 0.971047 0.971047 0.971047
0.000000 -1.000000 0.000000
15.000000 15.000000 15.000000
40.000000 40.000000 40.000000
1.000000
-26.102356 36.961239 4.859523
0.000000 0.000000 0.000000 0.000000
0.000000 -1.000000 0.000000
15.000000 15.000000 15.000000
40.000000 40.000000 40.000000
1.000000
-110.710411 94.909363 101.245277
0.982693 0.982693 0.982693 0.982693
0.000000 -1.000000 0.000000
15.000000 15.000000 15.000000
40.000000 40.000000 40.000000
1.000000
-54.693077 17.976465 36.243294
0.833799 0.833799 0.833799 0.833799
0.000000 -1.000000 0.000000
15.000000 15.000000 15.000000
40.000000 40.000000 40.000000
1.000000
-108.792381 12.082662 89.158974
0.941678 0.941678 0.941678 0.941678
0.000000 -1.000000 0.000000
15.000000 15.000000 15.000000
40.000000 40.000000 40.000000
1.000000
-14.488724 75.403816 0.246101
0.000000 0.000000 0.000000 0.000000
0.000000 -1.000000 0.000000
15.000000 15.000000 15.000000
40.000000 40.000000 40.000000
1.000000
-91.194191 97.984138 107.362648
0.986862 0.986862 0.986862 0.986862
0.000000 -1.000000 0.000000
15.000000 15.000000 15.000000
40.000000 40.000000 40.000000
1.000000
-101.409348 22.921896 38.141788
0.984069 0.984069 0.984069 0.984069
0.000000 -1.000000 0.000000
15.000000 15.000000 15.000000
40.000000 40.000000 40.000000
1.000000
-57.564255 66.364479 4.582171
0.000000 0.000000 0.000000 0.000000
0.000000 -1.000000 0.000000
15.000000 15.000000 15.000000
40.000000 40.000000 40.000000
1.000000
-52.114868 46.871922 46.091251
0.987418 0.987418 0.987418 0.987418
0.000000 -1.000000 0.000000
15.000000 15.000000 15.000000
40.000000 40.000000 40.000000
1.000000
-120.480240 85.236145 46.142033
0.000000 0.000000 0.000000 0.000000
0.000000 -1.000000 0.000000
15.000000 15.000000 15.000000
40.000000 40.000000 40.000000
1.000000
-32.118164 113.576859 4.605609
0.000000 0.000000 0.000000 0.000000
0.000000 -1.000000 0.000000
15.000000 15.000000 15.000000
40.000000 40.000000 40.000000
1.000000
-65.142609 13.377861 13.676199
0.787711 0.787711 0.787711 0.787711
0.000000 -1.000000 0.000000
15.000000 15.000000 15.000000
40.000000 40.000000 40.000000
1.000000
-115.523056 32.547237 51.114841
0.956375 0.956375 0.956375 0.956375
0.000000 -1.000000 0.000000
15.000000 15.000000 15.000000
40.000000 40.000000 40.000000
1.000000
-9.179970 35.972927 83.924438
0.000000 0.000000 0.000000 0.000000
0.000000 -1.000000 0.000000
15.000000 15.000000 15.000000
40.000000 40.000000 40.000000
1.000000
-97.522507 30.435492 80.908722
0.974363 0.974363 0.974363 0.974363
0.000000 -1.000000 0.000000
15.000000 15.000000 15.000000
40.000000 40.000000 40.000000
1.000000
-50.751549 114.967148 101.710136
0.280982 0.280982 0.280982 0.280982
0.000000 -1.000000 0.000000
15.000000 15.000000 15.000000
40.000000 40.000000 40.000000
1.000000
-51.411728 24.651249 60.923733
0.945392 0.945392 0.945392 0.945392
0.000000 -1.000000 0.000000
15.000000 15.000000 15.000000
40.000000 40.000000 40.000000
1.000000
-42.817711 26.059298 114.491776
0.972249 0.972249 0.972249 0.972249
0.000000 -1.000000 0.000000
15.000000 15.000000 15.000000
40.000000 40.000000 40.000000
1.000000
-58.654137 30.337301 86.061218
0.940882 0.940882 0.940882 0.940882
0.000000 -1.000000 0.000000
15.000000 15.000000 15.000000
40.000000 40.000000 40.000000
1.000000
-35.254982 3.413339 109.987732
0.000000 0.000000 0.000000 0.000000
0.000000 -1.000000 0.000000
15.000000 15.000000 15.000000
40.000000 40.000000 40.000000
1.000000
-71.220924 123.838890 107.042328
0.000000 0.000000 0.000000 0.000000
0.000000 -1.000000 0.000000
15.000000 15.000000 15.000000
40.000000 40.000000 40.000000
1.000000
-28.223518 23.146601 10.820642
0.973316 0.973316 0.973316 0.973316
0.000000 -1.000000 0.000000
15.000000 15.000000 15.000000
40.000000 40.000000 40.000000
1.000000
-22.356148 0.256992 91.983276
0.000000 0.000000 0.000000 0.000000
0.000000 -1.000000 0.000000
15.000000 15.000000 15.000000
40.000000 40.000000 40.000000
1.000000
-95.920898 105.146690 114.214424
0.986714 0.986714 0.986714 0.986714
0.000000 -1.000000 0.000000
15.000000 15.000000 15.000000
40.000000 40.000000 40.000000
1.000000
-100.432755 34.013569 55.200905
0.986829 0.986829 0.986829 0.986829
0.000000 -1.000000 0.000000
15.000000 15.000000 15.000000
40.000000 40.000000 40.000000
1.000000
-77.666428 51.952625 25.067171
0.983626 0.983626 0.983626 0.983626
0.000000 -1.000000 0.000000
15.000000 15.000000 15.000000
40.000000 40.000000 40.000000
1.000000
-53.474289 15.007627 71.924072
0.913778 0.913778 0.913778 0.913778
0.000000 -1.000000 0.000000
15.000000 15.000000 15.000000
40.000000 40.000000 40.000000
1.000000
-68.931793 43.531597 77.103912
0.950590 0.950590 0.950590 0.950590
0.000000 -1.000000 0.000000
15.000000 15.000000 15.000000
40.000000 40.000000 40.000000
1.000000
-50.665611 103.231781 104.909454
0.986911 0.986911 0.986911 0.986911
0.000000 -1.000000 0.000000
15.000000 15.000000 15.000000
40.000000 40.000000 40.000000
1.000000
-30.750938 37.291637 116.788719
0.971547 0.971547 0.971547 0.971547
0.000000 -1.000000 0.000000
15.000000 15.000000 15.000000
40.000000 40.000000 40.000000
1.000000
-87.803459 9.499461 70.150581
0.000000 0.000000 0.000000 0.000000
0.000000 -1.000000 0.000000
15.000000 15.000000 15.000000
40.000000 40.000000 40.000000
1.000000
-91.662949 32.399189 19.242775
0.972969 0.972969 0.972969 0.972969
0.000000 -1.000000 0.000000
15.000000 15.000000 15.000000
40.000000 40.000000 40.000000
1.000000
-74.517899 29.913519 96.217781
0.971402 0.971402 0.971402 0.971402
0.000000 -1.000000 0.000000
15.000000 15.000000 15.000000
40.000000 40.000000 40.000000
1.000000
-110.065857 55.653214 125.429611
0.000000 0.000000 0.000000 0.000000
0.000000 -1.000000 0.000000
15.000000 15.000000 15.000000
40.000000 40.000000 40.000000
1.000000
-69.802910 98.725220 104.843040
0.986505 0.986505 0.986505 0.986505
0.000000 -1.000000 0.000000
15.000000 15.000000 15.000000
40.000000 40.000000 40.000000
1.000000
-68.689598 23.601250 96.194344
0.966555 0.966555 0.966555 0.966555
0.000000 -1.000000 0.000000
15.000000 15.000000 15.000000
40.000000 40.000000 40.000000
1.000000
-55.107147 14.023319 67.798943
0.912701 0.912701 0.912701 0.912701
0.000000 -1.000000 0.000000
15.000000 15.000000 15.000000
40.000000 40.000000 40.000000
1.000000
-94.553665 28.626747 79.068817
0.979274 0.979274 0.979274 0.979274
0.000000 -1.000000 0.000000
15.000000 15.000000 15.000000
40.000000 40.000000 40.000000
1.000000
-47.040497 122.424782 104.284431
0.000000 0.000000 0.000000 0.000000
0.000000 -1.000000 0.000000
15.000000 15.000000 15.000000
40.000000 40.000000 40.000000
1.000000
-49.560104 127.460091 33.852596
0.000000 0.000000 0.000000 0.000000
0.000000 -1.000000 0.000000
15.000000 15.000000 15.000000
40.000000 40.000000 40.000000
1.000000
-78.443802 57.230259 94.221626
0.985275 0.985275 0.985275 0.985275
0.000000 -1.000000 0.000000
15.000000 15.000000 15.000000
40.000000 40.000000 40.000000
1.000000
-118.675499 88.736252 123.390488
0.000000 0.000000 0.000000 0.000000
0.000000 -1.000000 0.000000
15.000000 15.000000 15.000000
40.000000 40.000000 40.000000
1.000000
-17.402878 16.030220 112.280769
0.903122 0.903122 0.903122 0.903122
0.000000 -1.000000 0.000000
15.000000 15.000000 15.000000
40.000000 40.000000 40.000000
1.000000
-114.300362 96.224762 126.066345
0.000000 0.000000 0.000000 0.000000
0.000000 -1.000000 0.000000
15.000000 15.000000 15.000000
40.000000 40.000000 40.000000
1.000000
-116.468399 66.698685 54.501663
0.986569 0.986569 0.986569 0.986569
0.000000 -1.000000 0.000000
15.000000 15.000000 15.000000
40.000000 40.000000 40.000000
1.000000
-125.281166 24.492107 2.918058
0.000000 0.000000 0.000000 0.000000
0.000000 -1.000000 0.000000
15.000000 15.000000 15.000000
40.000000 40.000000 40.000000
1.000000
-29.047760 9.935281 38.825405
0.960732 0.960732 0.960732 0.960732
0.000000 -1.000000 0.000000
15.000000 15.000000 15.000000
40.000000 40.000000 40.000000
1.000000
-90.682449 95.404083 46.474075
0.983159 0.983159 0.983159 0.983159
0.000000 -1.000000 0.000000
15.000000 15.000000 15.000000
40.000000 40.000000 40.000000
1.000000
-28.903229 7.686907 47.911617
0.000000 0.000000 0.000000 0.000000
0.000000 -1.000000 0.000000
15.000000 15.000000 15.000000
40.000000 40.000000 40.000000
1.000000
-56.259529 1.538282 10.523759
0.000000 0.000000 0.000000 0.000000
0.000000 -1.000000 0.000000
15.000000 15.000000 15.000000
40.000000 40.000000 40.000000
1.000000
-73.095978 12.782984 88.037842
0.770212 0.770212 0.770212 0.770212
0.000000 -1.000000 0.000000
15.000000 15.000000 15.000000
40.000000 40.000000 40.000000
1.000000
-3.250099 55.414925 110.655724
0.000000 0.000000 0.000000 0.000000
0.000000 -1.000000 0.000000
15.000000 15.000000 15.000000
40.000000 40.000000 40.000000
1.000000
-31.829094 48.984989 61.005768
0.966323 0.966323 0.966323 0.966323
0.000000 -1.000000 0.000000
15.000000 15.000000 15.000000
40.000000 40.000000 40.000000
1.000000
