1
-128.000000 0.000000 0.000000
0.000000 128.000000 128.000000
100
0
-1.000000
1 1
0
1
0.567120
1
1
1
0
1
../../data/Texture/rain_texture_by_ashensorrow.jpg
../../data/Shader/EffectShader.hlsl
-62.142525 20.707020 68.349739
1.000000 1.000000 1.000000 1.000000
0.000000 -1.000000 0.000000
15.000000 15.000000 15.000000
40.000000 40.000000 40.000000
1.000000
-115.839470 5.148059 23.020233
1.000000 1.000000 1.000000 1.000000
0.000000 -1.000000 0.000000
15.000000 15.000000 15.000000
40.000000 40.000000 40.000000
1.000000
-101.753105 93.346062 91.834831
1.000000 1.000000 1.000000 1.000000
0.000000 -1.000000 0.000000
15.000000 15.000000 15.000000
40.000000 40.000000 40.000000
1.000000
-61.564377 17.386715 13.875423
1.000000 1.000000 1.000000 1.000000
0.000000 -1.000000 0.000000
15.000000 15.000000 15.000000
40.000000 40.000000 40.000000
1.000000
-31.743156 0.056476 31.930662
1.000000 1.000000 1.000000 1.000000
0.000000 -1.000000 0.000000
15.000000 15.000000 15.000000
40.000000 40.000000 40.000000
1.000000
-37.290199 41.028053 115.237892
1.000000 1.000000 1.000000 1.000000
0.000000 -1.000000 0.000000
15.000000 15.000000 15.000000
40.000000 40.000000 40.000000
1.000000
-54.599319 60.751320 22.406935
1.000000 1.000000 1.000000 1.000000
0.000000 -1.000000 0.000000
15.000000 15.000000 15.000000
40.000000 40.000000 40.000000
1.000000
-95.893555 28.836273 40.028564
1.000000 1.000000 1.000000 1.000000
0.000000 -1.000000 0.000000
15.000000 15.000000 15.000000
40.000000 40.000000 40.000000
1.000000
-54.536819 51.454124 93.584885
1.000000 1.000000 1.000000 1.000000
0.000000 -1.000000 0.000000
15.000000 15.000000 15.000000
40.000000 40.000000 40.000000
1.000000
-48.478043 87.939644 32.735374
1.000000 1.000000 1.000000 1.000000
0.000000 -1.000000 0.000000
15.000000 15.000000 15.000000
40.000000 40.000000 40.000000
1.000000
-45.083405 37.102150 60.087772
1.000000 1.000000 1.000000 1.000000
0.000000 -1.000000 0.000000
15.000000 15.000000 15.000000
40.000000 40.000000 40.000000
1.000000
-70.447464 0.475876 87.526108
1.000000 1.000000 1.000000 1.000000
0.000000 -1.000000 0.000000
15.000000 15.000000 15.000000
40.000000 40.000000 40.000000
1.000000
-101.522629 1.051451 76.432022
1.000000 1.000000 1.000000 1.000000
0.000000 -1.000000 0.000000
15.000000 15.000000 15.000000
40.000000 40.000000 40.000000
1.000000
-49.880432 18.769573 41.196571
1.000000 1.000000 1.000000 1.000000
0.000000 -1.000000 0.000000
15.000000 15.000000 15.000000
40.000000 40.000000 40.000000
1.000000
-29.383713 5.437129 47.759270
1.000000 1.000000 1.000000 1.000000
0.000000 -1.000000 0.000000
15.000000 15.000000 15.000000
40.000000 40.000000 40.000000
1.000000
-84.483047 83.115280 110.077576
1.000000 1.000000 1.000000 1.000000
0.000000 -1.000000 0.000000
15.000000 15.000000 15.000000
40.000000 40.000000 40.000000
1.000000
-74.658524 100.873634 90.155098
1.000000 1.000000 1.000000 1.000000
0.000000 -1.000000 0.000000
15.000000 15.000000 15.000000
40.000000 40.000000 40.000000
1.000000
-118.956757 9.738039 124.199104
1.000000 1.000000 1.000000 1.000000
0.000000 -1.000000 0.000000
15.000000 15.000000 15.000000
40.000000 40.000000 40.000000
1.000000
-30.329048 30.008186 80.236824
1.000000 1.000000 1.000000 1.000000
0.000000 -1.000000 0.000000
15.000000 15.000000 15.000000
40.000000 40.000000 40.000000
1.000000
-102.452347 46.629784 114.370674
1.000000 1.000000 1.000000 1.000000
0.000000 -1.000000 0.000000
15.000000 15.000000 15.000000
40.000000 40.000000 40.000000
1.000000
-32.450211 100.959579 97.045929
1.000000 1.000000 1.000000 1.000000
0.000000 -1.000000 0.000000
15.000000 15.000000 15.000000
40.000000 40.000000 40.000000
1.000000
-35.524521 14.179585 67.939575
1.000000 1.000000 1.000000 1.000000
0.000000 -1.000000 0.000000
15.000000 15.000000 15.000000
40.000000 40.000000 40.000000
1.000000
-71.865479 15.773383 88.420670
1.000000 1.000000 1.000000 1.000000
0.000000 -1.000000 0.000000
15.000000 15.000000 15.000000
40.000000 40.000000 40.000000
1.000000
-43.763054 46.895416 11.418317
1.000000 1.000000 1.000000 1.000000
0.000000 -1.000000 0.000000
15.000000 15.000000 15.000000
40.000000 40.000000 40.000000
1.000000
-118.277046 71.001633 37.301918
1.000000 1.000000 1.000000 1.000000
0.000000 -1.000000 0.000000
15.000000 15.000000 15.000000
40.000000 40.000000 40.000000
1.000000
-48.923370 5.903643 62.228462
1.000000 1.000000 1.000000 1.000000
0.000000 -1.000000 0.000000
15.000000 15.000000 15.000000
40.000000 40.000000 40.000000
1.000000
-122.257637 68.142166 76.748436
1.000000 1.000000 1.000000 1.000000
0.000000 -1.000000 0.000000
15.000000 15.000000 15.000000
40.000000 40.000000 40.000000
1.000000
-20.328743 40.438187 6.203314
1.000000 1.000000 1.000000 1.000000
0.000000 -1.000000 0.000000
15.000000 15.000000 15.000000
40.000000 40.000000 40.000000
1.000000
-83.451767 82.259789 13.566820
1.000000 1.000000 1.000000 1.000000
0.000000 -1.000000 0.000000
15.000000 15.000000 15.000000
40.000000 40.000000 40.000000
1.000000
-42.876312 71.982132 85.725273
1.000000 1.000000 1.000000 1.000000
0.000000 -1.000000 0.000000
15.000000 15.000000 15.000000
40.000000 40.000000 40.000000
1.000000
-34.024475 40.930389 33.836971
1.000000 1.000000 1.000000 1.000000
0.000000 -1.000000 0.000000
15.000000 15.000000 15.000000
40.000000 40.000000 40.000000
1.000000
-21.797539 19.371147 81.494675
1.000000 1.000000 1.000000 1.000000
0.000000 -1.000000 0.000000
15.000000 15.000000 15.000000
40.000000 40.000000 40.000000
1.000000
-25.078888 52.239304 98.733482
1.000000 1.000000 1.000000 1.000000
0.000000 -1.000000 0.000000
15.000000 15.000000 15.000000
40.000000 40.000000 40.000000
1.000000
-78.150818 27.289349 119.409897
1.000000 1.000000 1.000000 1.000000
0.000000 -1.000000 0.000000
15.000000 15.000000 15.000000
40.000000 40.000000 40.000000
1.000000
-44.677147 15.912399 8.422132
1.000000 1.000000 1.000000 1.000000
0.000000 -1.000000 0.000000
15.000000 15.000000 15.000000
40.000000 40.000000 40.000000
1.000000
-76.588272 81.064438 11.980834
1.000000 1.000000 1.000000 1.000000
0.000000 -1.000000 0.000000
15.000000 15.000000 15.000000
40.000000 40.000000 40.000000
1.000000
-54.614944 55.579277 34.981537
1.000000 1.000000 1.000000 1.000000
0.000000 -1.000000 0.000000
15.000000 15.000000 15.000000
40.000000 40.000000 40.000000
1.000000
-108.940826 46.332901 96.331062
1.000000 1.000000 1.000000 1.000000
0.000000 -1.000000 0.000000
15.000000 15.000000 15.000000
40.000000 40.000000 40.000000
1.000000
-34.133858 38.820953 10.531571
1.000000 1.000000 1.000000 1.000000
0.000000 -1.000000 0.000000
15.000000 15.000000 15.000000
40.000000 40.000000 40.000000
1.000000
-60.642479 39.059242 0.628925
1.000000 1.000000 1.000000 1.000000
0.000000 -1.000000 0.000000
15.000000 15.000000 15.000000
40.000000 40.000000 40.000000
1.000000
-5.191566 93.131210 52.095341
1.000000 1.000000 1.000000 1.000000
0.000000 -1.000000 0.000000
15.000000 15.000000 15.000000
40.000000 40.000000 40.000000
1.000000
-61.009674 8.753639 95.581039
1.000000 1.000000 1.000000 1.000000
0.000000 -1.000000 0.000000
15.000000 15.000000 15.000000
40.000000 40.000000 40.000000
1.000000
-22.953827 89.045151 101.889832
1.000000 1.000000 1.000000 1.000000
0.000000 -1.000000 0.000000
15.000000 15.000000 15.000000
40.000000 40.000000 40.000000
1.000000
-53.950867 27.250278 45.286537
1.000000 1.000000 1.000000 1.000000
0.000000 -1.000000 0.000000
15.000000 15.000000 15.000000
40.000000 40.000000 40.000000
1.000000
-93.709892 51.336929 0.984405
1.000000 1.000000 1.000000 1.000000
0.000000 -1.000000 0.000000
15.000000 15.000000 15.000000
40.000000 40.000000 40.000000
1.000000
-115.581650 22.363422 72.545181
1.000000 1.000000 1.000000 1.000000
0.000000 -1.000000 0.000000
15.000000 15.000000 15.000000
40.000000 40.000000 40.000000
1.000000
-107.272804 8.571766 79.611801
1.000000 1.000000 1.000000 1.000000
0.000000 -1.000000 0.000000
15.000000 15.000000 15.000000
40.000000 40.000000 40.000000
1.000000
-32.825218 29.301132 47.544418
1.000000 1.000000 1.000000 1.000000
0.000000 -1.000000 0.000000
15.000000 15.000000 15.000000
40.000000 40.000000 40.000000
1.000000
-61.650322 7.843453 78.502396
1.000000 1.000000 1.000000 1.000000
0.000000 -1.000000 0.000000
15.000000 15.000000 15.000000
40.000000 40.000000 40.000000
1.000000
-82.986908 59.661442 17.363811
1.000000 1.000000 1.000000 1.000000
0.000000 -1.000000 0.000000
15.000000 15.000000 15.000000
40.000000 40.000000 40.000000
1.000000
-10.500320 0.189593 13.098056
1.000000 1.000000 1.000000 1.000000
0.000000 -1.000000 0.000000
15.000000 15.000000 15.000000
40.000000 40.000000 40.000000
1.000000
-53.888367 41.321030 51.845333
1.000000 1.000000 1.000000 1.000000
0.000000 -1.000000 0.000000
15.000000 15.000000 15.000000
40.000000 40.000000 40.000000
1.000000
-14.664513 79.349541 83.475204
1.000000 1.000000 1.000000 1.000000
0.000000 -1.000000 0.000000
15.000000 15.000000 15.000000
40.000000 40.000000 40.000000
1.000000
-14.031677 49.649384 89.682426
1.000000 1.000000 1.000000 1.000000
0.000000 -1.000000 0.000000
15.000000 15.000000 15.000000
40.000000 40.000000 40.000000
1.000000
-31.801750 41.352280 14.250435
1.000000 1.000000 1.000000 1.000000
0.000000 -1.000000 0.000000
15.000000 15.000000 15.000000
40.000000 40.000000 40.000000
1.000000
-101.870300 79.775337 66.845787
1.000000 1.000000 1.000000 1.000000
0.000000 -1.000000 0.000000
15.000000 15.000000 15.000000
40.000000 40.000000 40.000000
1.000000
-100.909332 95.713326 96.010742
1.000000 1.000000 1.000000 1.000000
0.000000 -1.000000 0.000000
15.000000 15.000000 15.000000
40.000000 40.000000 40.000000
1.000000
-37.173012 52.872139 85.635429
1.000000 1.000000 1.000000 1.000000
0.000000 -1.000000 0.000000
15.000000 15.000000 15.000000
40.000000 40.000000 40.000000
1.000000
-115.269142 39.840515 116.843407
1.000000 1.000000 1.000000 1.000000
0.000000 -1.000000 0.000000
15.000000 15.000000 15.000000
40.000000 40.000000 40.000000
1.000000
-117.101227 78.677643 9.019807
1.000000 1.000000 1.000000 1.000000
0.000000 -1.000000 0.000000
15.000000 15.000000 15.000000
40.000000 40.000000 40.000000
1.000000
-72.095947 88.318565 32.043945
1.000000 1.000000 1.000000 1.000000
0.000000 -1.000000 0.000000
15.000000 15.000000 15.000000
40.000000 40.000000 40.000000
1.000000
-33.376022 83.716866 89.065216
1.000000 1.000000 1.000000 1.000000
0.000000 -1.000000 0.000000
15.000000 15.000000 15.000000
40.000000 40.000000 40.000000
1.000000
-99.893677 61.173199 53.216469
1.000000 1.000000 1.000000 1.000000
0.000000 -1.000000 0.000000
15.000000 15.000000 15.000000
40.000000 40.000000 40.000000
1.000000
-14.781700 39.981140 116.530899
1.000000 1.000000 1.000000 1.000000
0.000000 -1.000000 0.000000
15.000000 15.000000 15.000000
40.000000 40.000000 40.000000
1.000000
-91.350449 84.685638 69.134926
1.000000 1.000000 1.000000 1.000000
0.000000 -1.000000 0.000000
15.000000 15.000000 15.000000
40.000000 40.000000 40.000000
1.000000
-80.779808 103.959671 127.035126
1.000000 1.000000 1.000000 1.000000
0.000000 -1.000000 0.000000
15.000000 15.000000 15.000000
40.000000 40.000000 40.000000
1.000000
-50.263252 91.525696 60.216682
1.000000 1.000000 1.000000 1.000000
0.000000 -1.000000 0.000000
15.000000 15.000000 15.000000
40.000000 40.000000 40.000000
1.000000
-84.018188 97.291496 69.322426
1.000000 1.000000 1.000000 1.000000
0.000000 -1.000000 0.000000
15.000000 15.000000 15.000000
40.000000 40.000000 40.000000
1.000000
-119.777092 69.329704 35.501083
1.000000 1.000000 1.000000 1.000000
0.000000 -1.000000 0.000000
15.000000 15.000000 15.000000
40.000000 40.000000 40.000000
1.000000
-105.065704 7.546571 41.532516
1.000000 1.000000 1.000000 1.000000
0.000000 -1.000000 0.000000
15.000000 15.000000 15.000000
40.000000 40.000000 40.000000
1.000000
-16.008301 59.087200 70.341988
1.000000 1.000000 1.000000 1.000000
0.000000 -1.000000 0.000000
15.000000 15.000000 15.000000
40.000000 40.000000 40.000000
1.000000
-42.548172 88.748268 107.495468
1.000000 1.000000 1.000000 1.000000
0.000000 -1.000000 0.000000
15.000000 15.000000 15.000000
40.000000 40.000000 40.000000
1.000000
-13.781670 10.866982 14.336375
1.000000 1.000000 1.000000 1.000000
0.000000 -1.000000 0.000000
15.000000 15.000000 15.000000
40.000000 40.000000 40.000000
1.000000
-51.610947 8.185590 85.475266
1.000000 1.000000 1.000000 1.000000
0.000000 -1.000000 0.000000
15.000000 15.000000 15.000000
40.000000 40.000000 40.000000
1.000000
-40.028564 44.801605 84.170540
1.000000 1.000000 1.000000 1.000000
0.000000 -1.000000 0.000000
15.000000 15.000000 15.000000
40.000000 40.000000 40.000000
1.000000
-79.307106 91.224907 79.900879
1.000000 1.000000 1.000000 1.000000
0.000000 -1.000000 0.000000
15.000000 15.000000 15.000000
40.000000 40.000000 40.000000
1.000000
-97.163124 47.371994 127.347633
1.000000 1.000000 1.000000 1.000000
0.000000 -1.000000 0.000000
15.000000 15.000000 15.000000
40.000000 40.000000 40.000000
1.000000
-39.391830 0.988948 126.937469
1.000000 1.000000 1.000000 1.000000
0.000000 -1.000000 0.000000
15.000000 15.000000 15.000000
40.000000 40.000000 40.000000
1.000000
-19.410751 17.351559 104.042236
1.000000 1.000000 1.000000 1.000000
0.000000 -1.000000 0.000000
15.000000 15.000000 15.000000
40.000000 40.000000 40.000000
1.000000
-112.647972 103.737007 99.014740
1.000000 1.000000 1.000000 1.000000
0.000000 -1.000000 0.000000
15.000000 15.000000 15.000000
40.000000 40.000000 40.000000
1.000000
-115.925415 90.002213 85.541672
1.000000 1.000000 1.000000 1.000000
0.000000 -1.000000 0.000000
15.000000 15.000000 15.000000
40.000000 40.000000 40.000000
1.000000
-20.598282 72.529022 17.629444
1.000000 1.000000 1.000000 1.000000
0.000000 -1.000000 0.000000
15.000000 15.000000 15.000000
40.000000 40.000000 40.000000
1.000000
-111.163551 48.379829 120.972443
1.000000 1.000000 1.000000 1.000000
0.000000 -1.000000 0.000000
15.000000 15.000000 15.000000
40.000000 40.000000 40.000000
1.000000
-84.377579 76.111160 14.039491
1.000000 1.000000 1.000000 1.000000
0.000000 -1.000000 0.000000
15.000000 15.000000 15.000000
40.000000 40.000000 40.000000
1.000000
-51.872673 88.826393 55.290749
1.000000 1.000000 1.000000 1.000000
0.000000 -1.000000 0.000000
15.000000 15.000000 15.000000
40.000000 40.000000 40.000000
1.000000
-70.033386 22.699371 33.649464
1.000000 1.000000 1.000000 1.000000
0.000000 -1.000000 0.000000
15.000000 15.000000 15.000000
40.000000 40.000000 40.000000
1.000000
-6.652550 -0.071388 70.814659
1.000000 1.000000 1.000000 1.000000
0.000000 -1.000000 0.000000
15.000000 15.000000 15.000000
40.000000 40.000000 40.000000
1.000000
-77.529709 6.921552 98.264717
1.000000 1.000000 1.000000 1.000000
0.000000 -1.000000 0.000000
15.000000 15.000000 15.000000
40.000000 40.000000 40.000000
1.000000
-62.927704 92.967148 99.620224
1.000000 1.000000 1.000000 1.000000
0.000000 -1.000000 0.000000
15.000000 15.000000 15.000000
40.000000 40.000000 40.000000
1.000000
-60.267464 84.169998 104.444595
1.000000 1.000000 1.000000 1.000000
0.000000 -1.000000 0.000000
15.000000 15.000000 15.000000
40.000000 40.000000 40.000000
1.000000
-70.810753 12.460782 123.710808
1.000000 1.000000 1.000000 1.000000
0.000000 -1.000000 0.000000
15.000000 15.000000 15.000000
40.000000 40.000000 40.000000
1.000000
-5.859550 26.660423 34.669025
1.000000 1.000000 1.000000 1.000000
0.000000 -1.000000 0.000000
15.000000 15.000000 15.000000
40.000000 40.000000 40.000000
1.000000
-82.205635 68.946884 126.749962
1.000000 1.000000 1.000000 1.000000
0.000000 -1.000000 0.000000
15.000000 15.000000 15.000000
40.000000 40.000000 40.000000
1.000000
-102.507034 62.747467 66.060608
1.000000 1.000000 1.000000 1.000000
0.000000 -1.000000 0.000000
15.000000 15.000000 15.000000
40.000000 40.000000 40.000000
1.000000
-110.093201 32.273880 70.724815
1.000000 1.000000 1.000000 1.000000
0.000000 -1.000000 0.000000
15.000000 15.000000 15.000000
40.000000 40.000000 40.000000
1.000000
-95.139618 62.134163 3.800897
1.000000 1.000000 1.000000 1.000000
0.000000 -1.000000 0.000000
15.000000 15.000000 15.000000
40.000000 40.000000 40.000000
1.000000
-55.857170 17.289059 37.895687
1.000000 1.000000 1.000000 1.000000
0.000000 -1.000000 0.000000
15.000000 15.000000 15.000000
40.000000 40.000000 40.000000
1.000000
-125.261635 96.990707 38.622272
1.000000 1.000000 1.000000 1.000000
0.000000 -1.000000 0.000000
15.000000 15.000000 15.000000
40.000000 40.000000 40.000000
1.000000
-45.165443 44.285965 91.807487
1.000000 1.000000 1.000000 1.000000
0.000000 -1.000000 0.000000
15.000000 15.000000 15.000000
40.000000 40.000000 40.000000
1.000000
-112.132324 22.164200 61.865170
1.000000 1.000000 1.000000 1.000000
0.000000 -1.000000 0.000000
15.000000 15.000000 15.000000
40.000000 40.000000 40.000000
1.000000
