*VERSION* 1.000000
4
0
-128.000000 0.000000 0.000000
0.000000 128.000000 128.000000
25
0
0
1
40.000000
0
1.000000
0
-1.000000
0
20
1 1
0
1
1.128931
1
1
1
0
1
../data/Texture/snow.jpg
../data/Shader/EffectShader.hlsl
-26.889935 23.838329 95.762260
-13.228989 37.129284 112.140076
1.000000 1.000000 1.000000 1.000000
-1.000000 -1.000000 -1.000000
20.000000 20.000000 20.000000
23.818935 23.173834 28.556017
1.000000
-17.649452 40.262142 100.180237
-8.682968 45.209290 114.313560
1.000000 1.000000 1.000000 1.000000
-1.000000 -1.000000 -1.000000
20.000000 20.000000 20.000000
15.633778 8.625751 24.642567
1.000000
-25.973545 8.989346 92.704041
-12.778153 29.824062 110.635513
1.000000 1.000000 1.000000 1.000000
-1.000000 -1.000000 -1.000000
20.000000 20.000000 20.000000
23.007202 36.326977 31.264961
1.000000
-42.878361 13.697603 91.115768
-21.094784 32.140377 109.854118
1.000000 1.000000 1.000000 1.000000
-1.000000 -1.000000 -1.000000
20.000000 20.000000 20.000000
37.981384 32.156437 32.671806
1.000000
-28.866478 40.192253 92.961983
-14.201389 45.174900 110.762405
1.000000 1.000000 1.000000 1.000000
-1.000000 -1.000000 -1.000000
20.000000 20.000000 20.000000
25.569752 8.687643 31.036438
1.000000
-37.457954 11.741218 104.243492
-18.428122 31.177904 116.312538
1.000000 1.000000 1.000000 1.000000
-1.000000 -1.000000 -1.000000
20.000000 20.000000 20.000000
33.180027 33.889400 21.043337
1.000000
-28.370657 18.463644 94.766548
-13.957458 34.485123 111.650192
1.000000 1.000000 1.000000 1.000000
-1.000000 -1.000000 -1.000000
20.000000 20.000000 20.000000
25.130558 27.934721 29.437971
1.000000
-44.399406 10.197325 109.412659
-21.843088 30.418354 118.855629
1.000000 1.000000 1.000000 1.000000
-1.000000 -1.000000 -1.000000
20.000000 20.000000 20.000000
39.328716 35.256966 16.464554
1.000000
-27.548328 37.731976 103.409119
-13.552901 43.964523 115.902069
1.000000 1.000000 1.000000 1.000000
-1.000000 -1.000000 -1.000000
20.000000 20.000000 20.000000
24.402142 10.866940 21.782465
1.000000
-42.985859 20.657862 96.897667
-21.147671 35.564606 112.698662
1.000000 1.000000 1.000000 1.000000
-1.000000 -1.000000 -1.000000
20.000000 20.000000 20.000000
38.076603 25.991089 27.550280
1.000000
-23.591200 36.925777 102.116501
-11.606120 43.567898 115.266136
1.000000 1.000000 1.000000 1.000000
-1.000000 -1.000000 -1.000000
20.000000 20.000000 20.000000
20.896938 11.581073 22.927458
1.000000
-8.607844 10.303461 117.949066
-4.234786 30.470564 123.055267
1.000000 1.000000 1.000000 1.000000
-1.000000 -1.000000 -1.000000
20.000000 20.000000 20.000000
7.624775 35.162937 8.903073
1.000000
-31.575338 17.078300 120.309875
-15.534056 33.803577 124.216705
1.000000 1.000000 1.000000 1.000000
-1.000000 -1.000000 -1.000000
20.000000 20.000000 20.000000
27.969236 29.161840 6.811853
1.000000
-45.001358 21.478827 102.355659
-22.139240 35.968483 115.383804
1.000000 1.000000 1.000000 1.000000
-1.000000 -1.000000 -1.000000
20.000000 20.000000 20.000000
39.861935 25.263865 22.715597
1.000000
-23.756474 22.533621 82.845459
-11.687428 36.487408 105.785431
1.000000 1.000000 1.000000 1.000000
-1.000000 -1.000000 -1.000000
20.000000 20.000000 20.000000
21.043337 24.329538 39.997620
1.000000
-37.788509 46.859573 103.747726
-18.590744 48.455013 116.068657
1.000000 1.000000 1.000000 1.000000
-1.000000 -1.000000 -1.000000
20.000000 20.000000 20.000000
33.472824 2.781762 21.482529
1.000000
-12.444047 24.606928 87.568489
-6.122074 37.507416 108.109001
1.000000 1.000000 1.000000 1.000000
-1.000000 -1.000000 -1.000000
20.000000 20.000000 20.000000
11.022859 22.493027 35.813988
1.000000
-37.122047 7.780051 126.635918
-18.262861 29.229134 127.328918
1.000000 1.000000 1.000000 1.000000
-1.000000 -1.000000 -1.000000
20.000000 20.000000 20.000000
32.882477 37.398174 1.208289
1.000000
-38.750584 43.110718 122.475899
-19.064054 46.610695 125.282333
1.000000 1.000000 1.000000 1.000000
-1.000000 -1.000000 -1.000000
20.000000 20.000000 20.000000
34.325020 6.102481 4.893216
1.000000
-4.001715 15.307318 110.069710
-1.968716 32.932297 119.178871
1.000000 1.000000 1.000000 1.000000
-1.000000 -1.000000 -1.000000
20.000000 20.000000 20.000000
3.544694 30.730551 15.882535
1.000000
-4.435723 48.158928 112.493759
-2.182234 49.094246 120.371422
1.000000 1.000000 1.000000 1.000000
-1.000000 -1.000000 -1.000000
20.000000 20.000000 20.000000
3.929136 1.630818 13.735373
1.000000
-11.260266 48.595631 110.588409
-5.539692 49.309105 119.434067
1.000000 1.000000 1.000000 1.000000
-1.000000 -1.000000 -1.000000
20.000000 20.000000 20.000000
9.974273 1.243995 15.423109
1.000000
-16.745159 16.006039 101.572296
-8.238086 33.276054 114.998405
1.000000 1.000000 1.000000 1.000000
-1.000000 -1.000000 -1.000000
20.000000 20.000000 20.000000
14.832758 30.111637 23.409496
1.000000
-37.539940 43.818840 107.524780
-18.468447 46.959072 117.926819
1.000000 1.000000 1.000000 1.000000
-1.000000 -1.000000 -1.000000
20.000000 20.000000 20.000000
33.252632 5.475234 18.136814
1.000000
-42.264297 34.787968 109.490631
-20.792686 42.516159 118.893982
1.000000 1.000000 1.000000 1.000000
-1.000000 -1.000000 -1.000000
20.000000 20.000000 20.000000
37.437450 13.474716 16.395519
1.000000
25
0
0
1
40.000000
0
1.000000
0
-1.000000
0
20
1 1
0
1
1.128931
1
1
1
0
1
../data/Texture/snow.jpg
../data/Shader/EffectShader.hlsl
-10.796696 26.735323 15.370574
-5.311631 38.554527 7.561830
1.000000 1.000000 1.000000 1.000000
-1.000000 -1.000000 1.000000
20.000000 20.000000 20.000000
9.563646 20.607714 13.615161
1.000000
-24.762888 41.940369 1.808832
-12.182548 46.034912 0.889888
1.000000 1.000000 1.000000 1.000000
-1.000000 -1.000000 1.000000
20.000000 20.000000 20.000000
21.934813 7.139164 1.602252
1.000000
-25.165995 11.504721 14.374910
-12.380868 31.061550 7.071999
1.000000 1.000000 1.000000 1.000000
-1.000000 -1.000000 1.000000
20.000000 20.000000 20.000000
22.291880 34.098881 12.733207
1.000000
-6.259095 48.817333 16.510014
-3.079275 49.418167 8.122401
1.000000 1.000000 1.000000 1.000000
-1.000000 -1.000000 1.000000
20.000000 20.000000 20.000000
5.544267 1.047609 14.624470
1.000000
-1.163866 24.718456 13.711132
-0.572585 37.562286 6.745442
1.000000 1.000000 1.000000 1.000000
-1.000000 -1.000000 1.000000
20.000000 20.000000 20.000000
1.030946 22.394238 12.145238
1.000000
-41.527958 45.507847 34.840466
-20.430435 47.790005 17.140398
1.000000 1.000000 1.000000 1.000000
-1.000000 -1.000000 1.000000
20.000000 20.000000 20.000000
36.785210 3.979125 30.861477
1.000000
-18.018970 39.680313 36.618168
-8.864759 44.923038 18.014973
1.000000 1.000000 1.000000 1.000000
-1.000000 -1.000000 1.000000
20.000000 20.000000 20.000000
15.961089 9.141118 32.436142
1.000000
-39.613228 14.748346 20.848753
-19.488449 32.657303 10.256922
1.000000 1.000000 1.000000 1.000000
-1.000000 -1.000000 1.000000
20.000000 20.000000 20.000000
35.089146 31.225685 18.467697
1.000000
-29.492634 25.153799 41.420460
-14.509437 37.776459 20.377544
1.000000 1.000000 1.000000 1.000000
-1.000000 -1.000000 1.000000
20.000000 20.000000 20.000000
26.124393 22.008606 36.689995
1.000000
-29.460381 21.885998 12.129623
-14.493568 36.168816 5.967389
1.000000 1.000000 1.000000 1.000000
-1.000000 -1.000000 1.000000
20.000000 20.000000 20.000000
26.095827 24.903227 10.744347
1.000000
-26.236900 6.881125 32.557560
-12.907719 28.786888 16.017281
1.000000 1.000000 1.000000 1.000000
-1.000000 -1.000000 1.000000
20.000000 20.000000 20.000000
23.240486 38.194431 28.839289
1.000000
-38.923904 33.578682 7.518122
-19.149323 41.921246 3.698676
1.000000 1.000000 1.000000 1.000000
-1.000000 -1.000000 1.000000
20.000000 20.000000 20.000000
34.478561 14.545916 6.659505
1.000000
-42.597542 16.250599 35.395409
-20.956629 33.396374 17.413410
1.000000 1.000000 1.000000 1.000000
-1.000000 -1.000000 1.000000
20.000000 20.000000 20.000000
37.732628 29.895016 31.353037
1.000000
-6.331652 44.080856 36.634281
-3.114971 47.087963 18.022900
1.000000 1.000000 1.000000 1.000000
-1.000000 -1.000000 1.000000
20.000000 20.000000 20.000000
5.608539 5.243141 32.450424
1.000000
-20.515522 7.371562 2.246871
-10.092981 29.028168 1.105389
1.000000 1.000000 1.000000 1.000000
-1.000000 -1.000000 1.000000
20.000000 20.000000 20.000000
18.172522 37.760002 1.990265
1.000000
-9.833276 20.802998 10.059015
-4.837660 35.636021 4.948715
1.000000 1.000000 1.000000 1.000000
-1.000000 -1.000000 1.000000
20.000000 20.000000 20.000000
8.710258 25.862543 8.910214
1.000000
-29.702248 15.379880 15.752177
-14.612557 32.968002 7.749571
1.000000 1.000000 1.000000 1.000000
-1.000000 -1.000000 1.000000
20.000000 20.000000 20.000000
26.310068 30.666279 13.953184
1.000000
-29.047878 42.092224 43.132305
-14.290627 46.109638 21.219723
1.000000 1.000000 1.000000 1.000000
-1.000000 -1.000000 1.000000
20.000000 20.000000 20.000000
25.730431 7.004669 38.206333
1.000000
-4.515001 30.254402 8.950481
-2.221237 40.285797 4.403352
1.000000 1.000000 1.000000 1.000000
-1.000000 -1.000000 1.000000
20.000000 20.000000 20.000000
3.999359 17.490524 7.928282
1.000000
-34.900951 15.584097 18.498657
-17.170153 33.068459 9.100749
1.000000 1.000000 1.000000 1.000000
-1.000000 -1.000000 1.000000
20.000000 20.000000 20.000000
30.915037 30.485367 16.385998
1.000000
-19.048222 18.403172 37.745514
-9.371119 34.455368 18.569590
1.000000 1.000000 1.000000 1.000000
-1.000000 -1.000000 1.000000
20.000000 20.000000 20.000000
16.872799 27.988279 33.434738
1.000000
-4.806578 20.652485 23.076572
-2.364683 35.561958 11.352939
1.000000 1.000000 1.000000 1.000000
-1.000000 -1.000000 1.000000
20.000000 20.000000 20.000000
4.257637 25.995850 20.441084
1.000000
-11.327450 40.843929 13.638575
-5.572744 45.495499 6.709743
1.000000 1.000000 1.000000 1.000000
-1.000000 -1.000000 1.000000
20.000000 20.000000 20.000000
10.033784 8.110386 12.080966
1.000000
-44.234138 47.432003 28.480852
-21.761784 48.736629 14.011669
1.000000 1.000000 1.000000 1.000000
-1.000000 -1.000000 1.000000
20.000000 20.000000 20.000000
39.182316 2.274728 25.228157
1.000000
-24.350376 5.678536 15.822055
-11.979609 28.195255 7.783946
1.000000 1.000000 1.000000 1.000000
-1.000000 -1.000000 1.000000
20.000000 20.000000 20.000000
21.569414 39.259682 14.015077
1.000000
25
0
0
1
40.000000
0
1.000000
0
-1.000000
0
20
1 1
0
1
1.128931
1
1
1
0
1
../data/Texture/snow.jpg
../data/Shader/EffectShader.hlsl
-117.579575 46.690289 35.075619
-122.873489 48.371731 17.256086
1.000000 1.000000 1.000000 1.000000
1.000000 -1.000000 1.000000
20.000000 20.000000 20.000000
9.230384 2.931730 31.069765
1.000000
-125.741074 24.780262 11.975102
-126.888680 37.592686 5.891368
1.000000 1.000000 1.000000 1.000000
1.000000 -1.000000 1.000000
20.000000 20.000000 20.000000
2.000977 22.339487 10.607471
1.000000
-110.026711 25.202177 7.464375
-119.157707 37.800259 3.672234
1.000000 1.000000 1.000000 1.000000
1.000000 -1.000000 1.000000
20.000000 20.000000 20.000000
15.920622 21.965757 6.611897
1.000000
-125.930511 11.571879 21.226330
-126.981888 31.094578 10.442677
1.000000 1.000000 1.000000 1.000000
1.000000 -1.000000 1.000000
20.000000 20.000000 20.000000
1.833155 34.039368 18.802149
1.000000
-94.298958 42.027721 19.204096
-111.420166 46.077888 9.447803
1.000000 1.000000 1.000000 1.000000
1.000000 -1.000000 1.000000
20.000000 20.000000 20.000000
29.852169 7.061800 17.010864
1.000000
-119.847679 32.144955 17.023300
-123.989311 41.215878 8.374921
1.000000 1.000000 1.000000 1.000000
1.000000 -1.000000 1.000000
20.000000 20.000000 20.000000
7.221290 15.815882 15.079135
1.000000
-112.998940 27.071230 16.981649
-120.619965 38.719776 8.354430
1.000000 1.000000 1.000000 1.000000
1.000000 -1.000000 1.000000
20.000000 20.000000 20.000000
13.287851 20.310160 15.042238
1.000000
-96.120956 24.506157 17.621239
-112.316521 37.457844 8.669086
1.000000 1.000000 1.000000 1.000000
1.000000 -1.000000 1.000000
20.000000 20.000000 20.000000
28.238228 22.582293 15.608784
1.000000
-117.650726 32.518505 21.335167
-122.908455 41.399666 10.496220
1.000000 1.000000 1.000000 1.000000
1.000000 -1.000000 1.000000
20.000000 20.000000 20.000000
9.167302 15.485000 18.898556
1.000000
-110.869217 42.039795 44.971809
-119.572197 46.083824 22.124693
1.000000 1.000000 1.000000 1.000000
1.000000 -1.000000 1.000000
20.000000 20.000000 20.000000
15.174352 7.051088 39.835751
1.000000
-90.477539 39.568798 21.120176
-109.540138 44.868183 10.390452
1.000000 1.000000 1.000000 1.000000
1.000000 -1.000000 1.000000
20.000000 20.000000 20.000000
33.237160 9.239906 18.708120
1.000000
-107.800240 17.934216 40.633072
-118.062370 34.224651 19.990173
1.000000 1.000000 1.000000 1.000000
1.000000 -1.000000 1.000000
20.000000 20.000000 20.000000
17.892820 28.403669 35.992523
1.000000
-105.687965 36.224369 32.174622
-117.023186 43.222832 15.828885
1.000000 1.000000 1.000000 1.000000
1.000000 -1.000000 1.000000
20.000000 20.000000 20.000000
19.763847 12.202368 28.500076
1.000000
-112.524658 28.169024 8.877926
-120.386635 39.259857 4.367656
1.000000 1.000000 1.000000 1.000000
1.000000 -1.000000 1.000000
20.000000 20.000000 20.000000
13.707999 19.337748 7.864009
1.000000
-106.998055 47.925117 19.650194
-117.667694 48.979218 9.667270
1.000000 1.000000 1.000000 1.000000
1.000000 -1.000000 1.000000
20.000000 20.000000 20.000000
18.603382 1.837916 17.406019
1.000000
-126.036613 34.237080 14.342662
-127.034065 42.245144 7.056133
1.000000 1.000000 1.000000 1.000000
1.000000 -1.000000 1.000000
20.000000 20.000000 20.000000
1.739128 13.962706 12.704641
1.000000
-93.023804 11.605497 25.429356
-110.792831 31.111130 12.510432
1.000000 1.000000 1.000000 1.000000
1.000000 -1.000000 1.000000
20.000000 20.000000 20.000000
30.981689 34.009613 22.525164
1.000000
-97.194626 24.687542 28.730774
-112.844757 37.547077 14.134624
1.000000 1.000000 1.000000 1.000000
1.000000 -1.000000 1.000000
20.000000 20.000000 20.000000
27.287239 22.421612 25.449537
1.000000
-85.991013 27.881472 44.150822
-107.332916 39.118393 21.720800
1.000000 1.000000 1.000000 1.000000
1.000000 -1.000000 1.000000
20.000000 20.000000 20.000000
37.211308 19.592455 39.108524
1.000000
-94.281517 20.148615 31.492031
-111.411591 35.314079 15.493073
1.000000 1.000000 1.000000 1.000000
1.000000 -1.000000 1.000000
20.000000 20.000000 20.000000
29.867641 26.442183 27.895443
1.000000
-109.501343 24.539768 40.994534
-118.899246 37.474388 20.167999
1.000000 1.000000 1.000000 1.000000
1.000000 -1.000000 1.000000
20.000000 20.000000 20.000000
16.385998 22.552538 36.312695
1.000000
-118.317223 13.844065 17.915503
-123.236389 32.212433 8.813855
1.000000 1.000000 1.000000 1.000000
1.000000 -1.000000 1.000000
20.000000 20.000000 20.000000
8.576952 32.026703 15.869441
1.000000
-109.940735 45.595207 13.359089
-119.115440 47.832989 6.572246
1.000000 1.000000 1.000000 1.000000
1.000000 -1.000000 1.000000
20.000000 20.000000 20.000000
15.996796 3.901761 11.833399
1.000000
-123.794022 29.632282 15.666183
-125.930786 39.979729 7.707263
1.000000 1.000000 1.000000 1.000000
1.000000 -1.000000 1.000000
20.000000 20.000000 20.000000
3.725608 18.041595 13.877010
1.000000
-123.436630 26.916731 21.262606
-125.754967 38.643776 10.460523
1.000000 1.000000 1.000000 1.000000
1.000000 -1.000000 1.000000
20.000000 20.000000 20.000000
4.042207 20.447035 18.834284
1.000000
25
0
0
1
40.000000
0
1.000000
0
-1.000000
0
20
1 1
0
1
1.128931
1
1
1
0
1
../data/Texture/snow.jpg
../data/Shader/EffectShader.hlsl
-103.884811 4.893830 83.197487
-116.136116 27.809204 105.958588
1.000000 1.000000 1.000000 1.000000
1.000000 -1.000000 -1.000000
20.000000 20.000000 20.000000
21.361124 39.954769 39.685783
1.000000
-102.747993 45.577709 89.393227
-115.576820 47.824368 109.006714
1.000000 1.000000 1.000000 1.000000
1.000000 -1.000000 -1.000000
20.000000 20.000000 20.000000
22.368053 3.917234 34.197670
1.000000
-108.705894 18.544262 88.721367
-118.507927 34.524788 108.676193
1.000000 1.000000 1.000000 1.000000
1.000000 -1.000000 -1.000000
20.000000 20.000000 20.000000
17.090609 27.863308 34.792782
1.000000
-96.646378 17.419594 100.706978
-112.575027 33.971485 114.572716
1.000000 1.000000 1.000000 1.000000
1.000000 -1.000000 -1.000000
20.000000 20.000000 20.000000
27.772850 28.859524 24.175999
1.000000
-99.482895 10.656866 114.099388
-113.970497 30.644436 121.161324
1.000000 1.000000 1.000000 1.000000
1.000000 -1.000000 -1.000000
20.000000 20.000000 20.000000
25.260292 34.849911 12.313059
1.000000
-88.432495 20.104258 107.707520
-108.534050 35.292244 118.016754
1.000000 1.000000 1.000000 1.000000
1.000000 -1.000000 -1.000000
20.000000 20.000000 20.000000
35.048676 26.481461 17.974945
1.000000
-119.519798 43.012638 102.633827
-123.827995 46.562447 115.520653
1.000000 1.000000 1.000000 1.000000
1.000000 -1.000000 -1.000000
20.000000 20.000000 20.000000
7.511704 6.189368 22.469223
1.000000
-86.631950 21.118738 111.860825
-107.648239 35.791344 120.060028
1.000000 1.000000 1.000000 1.000000
1.000000 -1.000000 -1.000000
20.000000 20.000000 20.000000
36.643574 25.582844 14.295968
1.000000
-98.346107 29.356813 111.399986
-113.411232 39.844200 119.833328
1.000000 1.000000 1.000000 1.000000
1.000000 -1.000000 -1.000000
20.000000 20.000000 20.000000
26.267221 18.285593 14.704215
1.000000
-102.836723 39.779755 126.213989
-115.620483 44.971962 127.121346
1.000000 1.000000 1.000000 1.000000
1.000000 -1.000000 -1.000000
20.000000 20.000000 20.000000
22.289497 9.053041 1.582018
1.000000
-116.833778 13.086220 86.888542
-122.506561 31.839594 107.774483
1.000000 1.000000 1.000000 1.000000
1.000000 -1.000000 -1.000000
20.000000 20.000000 20.000000
9.890958 32.697990 36.416241
1.000000
-115.420227 21.102631 92.286156
-121.811142 35.783424 110.429939
1.000000 1.000000 1.000000 1.000000
1.000000 -1.000000 -1.000000
20.000000 20.000000 20.000000
11.143070 25.597126 31.635120
1.000000
-103.285492 37.906643 117.085075
-115.841270 44.050449 122.630219
1.000000 1.000000 1.000000 1.000000
1.000000 -1.000000 -1.000000
20.000000 20.000000 20.000000
21.891964 10.712211 9.668386
1.000000
-125.179375 12.469482 93.675499
-126.612320 31.536180 111.113441
1.000000 1.000000 1.000000 1.000000
1.000000 -1.000000 -1.000000
20.000000 20.000000 20.000000
2.498489 33.244301 30.404430
1.000000
-120.651253 6.293944 92.760414
-124.384689 28.498016 110.663246
1.000000 1.000000 1.000000 1.000000
1.000000 -1.000000 -1.000000
20.000000 20.000000 20.000000
6.509537 38.714561 31.214973
1.000000
-97.249672 10.822146 126.814644
-112.871819 30.725750 127.416855
1.000000 1.000000 1.000000 1.000000
1.000000 -1.000000 -1.000000
20.000000 20.000000 20.000000
27.238440 34.703510 1.049989
1.000000
-92.671799 30.881926 110.268562
-110.619667 40.594521 119.276695
1.000000 1.000000 1.000000 1.000000
1.000000 -1.000000 -1.000000
20.000000 20.000000 20.000000
31.293528 16.934689 15.706381
1.000000
-110.971352 7.934579 122.633110
-119.622459 29.305159 125.359650
1.000000 1.000000 1.000000 1.000000
1.000000 -1.000000 -1.000000
20.000000 20.000000 20.000000
15.083896 37.261299 4.753960
1.000000
-92.431244 12.700592 89.570572
-110.501312 31.649881 109.093941
1.000000 1.000000 1.000000 1.000000
1.000000 -1.000000 -1.000000
20.000000 20.000000 20.000000
31.506577 33.039585 34.040558
1.000000
-92.236404 20.295071 117.817368
-110.405449 35.386124 122.990463
1.000000 1.000000 1.000000 1.000000
1.000000 -1.000000 -1.000000
20.000000 20.000000 20.000000
31.679159 26.312449 9.019715
1.000000
-104.942268 16.200880 98.522148
-116.656334 33.371910 113.497856
1.000000 1.000000 1.000000 1.000000
1.000000 -1.000000 -1.000000
20.000000 20.000000 20.000000
20.424421 29.939054 26.111301
1.000000
-104.742035 16.613379 109.332039
-116.557823 33.574844 118.815948
1.000000 1.000000 1.000000 1.000000
1.000000 -1.000000 -1.000000
20.000000 20.000000 20.000000
20.601763 29.573656 16.535965
1.000000
-100.209785 35.807835 94.332596
-114.328102 43.017910 111.436729
1.000000 1.000000 1.000000 1.000000
1.000000 -1.000000 -1.000000
20.000000 20.000000 20.000000
24.616383 12.571337 29.822412
1.000000
-91.586060 28.093784 87.895012
-110.085503 39.222847 108.269638
1.000000 1.000000 1.000000 1.000000
1.000000 -1.000000 -1.000000
20.000000 20.000000 20.000000
32.255226 19.404400 35.524765
1.000000
-88.401566 30.337730 85.288277
-108.518822 40.326797 106.987206
1.000000 1.000000 1.000000 1.000000
1.000000 -1.000000 -1.000000
20.000000 20.000000 20.000000
35.076050 17.416731 37.833797
1.000000
