1
0
0.000000 0.000000 0.000000
100.000000 100.000000 100.000000
5
0
0
1
3.000000
0
1.000000
0
10.000000
1
3
1 1
1
0
0.583089
1
../data/Texture/Dust_Gray.dds
../data/Shader/EffectShader.hlsl
51.113327 50.610233 50.000000
1.000000 1.000000 1.000000 1.000000
1.000000 0.500000 0.000000
2.309549 1.974761 1.113712
1.909330 2.093051 2.425825
1.000000
51.406281 50.414597 50.000000
1.000000 1.000000 1.000000 1.000000
1.000000 0.500000 0.000000
1.239570 2.866756 2.407697
2.411786 1.422010 1.034059
1.000000
51.140110 50.772026 50.000000
1.000000 1.000000 1.000000 1.000000
1.000000 0.500000 0.000000
1.939909 2.880123 1.578570
1.955290 2.648000 2.756951
1.000000
51.353981 50.609222 50.000000
1.000000 1.000000 1.000000 1.000000
1.000000 0.500000 0.000000
1.847682 1.670187 2.071444
2.322062 2.089633 2.947569
1.000000
51.169392 50.823273 50.000000
1.000000 1.000000 1.000000 1.000000
1.000000 0.500000 0.000000
1.261361 1.197943 2.698599
2.005524 2.823847 2.041597
1.000000
